,Day since infection,"Proba Neut Min
 vs. Wuhan-Hu-1 antigen","Proba Neut Max
 vs. Wuhan-Hu-1 antigen","Proba Neut Min
 vs. XBB.1.5 antigen","Proba Neut Max
 vs. XBB.1.5 antigen","Proba Neut Min
 vs. Wuhan-Hu-1=0.75/EG.5.1=0.25 antigen","Proba Neut Max
 vs. Wuhan-Hu-1=0.75/EG.5.1=0.25 antigen","Proba Neut Min
 vs. Wuhan-Hu-1/EG.5.1 antigen","Proba Neut Max
 vs. Wuhan-Hu-1/EG.5.1 antigen"
0,1,0.06829429219608352,0.1628009668412549,0.16657172035498957,0.36332574312564847,0.08020988349050756,0.1878243611883399,0.0921254747849316,0.2128477555354249
1,2,0.12673688345104528,0.26803973265905456,0.2925968947145372,0.5417429318129197,0.14720424311101055,0.30338174225683445,0.16767160277097581,0.3387237518546144
2,3,0.17702698605769696,0.3390255361742909,0.38982206662233565,0.6407855811001022,0.20370084122400461,0.37895751393200694,0.23037469639031227,0.418889491689723
3,4,0.22051238777965143,0.3883596587849264,0.46610274397278306,0.7005410842046376,0.25172965022889665,0.43041569988226513,0.28294691267814187,0.4724717409796039
4,5,0.2582724520643742,0.4233450075512235,0.5268324510530845,0.7387293115730047,0.2928370072816135,0.4663948208743738,0.32740156249885277,0.5094446341975241
5,6,0.2911792980228566,0.44845894692343524,0.5758008231158801,0.7641101309891478,0.3282207158768509,0.4919653754252482,0.36526213373084526,0.5354718039270612
6,7,0.3199434354268854,0.4665765846259554,0.615725537279832,0.7814049386710162,0.3588221242570567,0.5102810105940894,0.39770081308722793,0.5539854365622232
7,8,0.3451481813719939,0.47961648790553124,0.6485913976551507,0.7933401769857592,0.3853904705334716,0.5233958800486256,0.4256327596949493,0.5671752721917199
8,9,0.3672758834642502,0.4889006100775767,0.6758719060236686,0.8015815098057315,0.4085288243062508,0.5326991377835103,0.4497817651482514,0.5764976654894438
9,10,0.3867280917217525,0.4953644885856574,0.6986772822064207,0.8071952561636087,0.42872750683481964,0.5391595942972798,0.47072692194788684,0.5829547000089023
10,11,0.40384121459953304,0.4996850807732829,0.7178553374322816,0.8108913479073068,0.44638880453421464,0.5434702561816187,0.4889363944688963,0.5872554315899544
11,12,0.4188987720355697,0.5023613394343904,0.7340614686740963,0.8131583209714233,0.4618455116861113,0.546137298039358,0.504792251336653,0.5899132566443255
12,13,0.4321410606705308,0.5037666428382772,0.7478080308191011,0.8143418577478828,0.4753750251129254,0.5475368236831964,0.5186089895553201,0.5913070045281157
13,14,0.44377283420609925,0.5041838967642196,0.7594996899992952,0.8146923598301969,0.48721018389588516,0.5479522378236042,0.5306475335856711,0.5917205788829889
14,15,0.4539694490520113,0.5038296427979694,0.7694590909113542,0.8143948056183101,0.49754769470670485,0.5475995495058834,0.5411259403613984,0.5913694562137974
15,16,0.4628818142628607,0.5034885825073749,0.777945731100483,0.8141080509341928,0.5065547441657698,0.5472599578014918,0.5502276740686789,0.5910313330956088
16,17,0.470640403164983,0.5041113704103048,0.7851700049992537,0.814631465935932,0.5143742345621004,0.547880035343297,0.5581080659592178,0.5916487002762891
17,18,0.47735852363689135,0.504115653001561,0.7913037692536404,0.8146350619928091,0.5211289635345563,0.5478842988579711,0.5648994034322212,0.5916529447143812
18,19,0.4831349988708773,0.5036047168773881,0.7964883728098907,0.814205724833954,0.526924986013648,0.5473755963724156,0.5707149731564187,0.5911464758674433
19,20,0.4867550714171769,0.5039561056092691,0.7996957103806439,0.814501061856835,0.5305516995334505,0.5477254581136455,0.5743483276497241,0.5914948106180218
20,21,0.4815240367472411,0.5041838967642196,0.7950507436121577,0.8146923598301969,0.5253096798785819,0.5479522378236042,0.5690953230099227,0.5917205788829889
21,22,0.4758758710871962,0.5039768432126235,0.7899597323878982,0.8145184823141092,0.5196395161685394,0.5477461043388798,0.5634031612498825,0.5915153654651361
22,23,0.4698746637334519,0.5037698046817041,0.7844637249347515,0.8143445153221802,0.5136033732921529,0.5475399717991467,0.5573320828508539,0.5913101389165893
23,24,0.46357600047389835,0.5041396829431715,0.7785982881301172,0.8146552389284107,0.5072551943014683,0.5479082216482811,0.5509343881290383,0.5916767603533909
24,25,0.4570283085721324,0.5041413657560403,0.7723946473171794,0.8146566518643874,0.5006420375532461,0.547909896950292,0.5442557665343599,0.5916784281445437
25,26,0.45027394245700836,0.5038153306929807,0.7658805533862343,0.8143827779409072,0.49380514795467134,0.5475852997922274,0.5373363534523343,0.591355268891474
26,27,0.443350068319995,0.5040368867167305,0.7590809474505734,0.814568915602213,0.4867808234217197,0.5478058824748933,0.5302115785234445,0.5915748782330559
27,28,0.4362893913474424,0.5041838967642196,0.7520184739537565,0.8146923598301969,0.47960112217390094,0.5479522378236042,0.5229128530003595,0.5917205788829889
28,29,0.4291207587101181,0.5040461209258036,0.7447138793574515,0.8145766710754607,0.4722944452219401,0.5478150757679526,0.5154681317337619,0.5915840306101017
29,30,0.42186966359873423,0.5036498225451975,0.7371863238259546,0.8142436519361289,0.46488602013231956,0.5474205082872083,0.5079023766659049,0.5911911940292192
30,31,0.4145586697628997,0.5030185993284506,0.7294536263216582,0.8137124469583593,0.45739830602785675,0.5467919360450993,0.5002379422928138,0.5905652727617481
31,32,0.40720777163874067,0.5021737039641514,0.7215324584344451,0.8129999391271281,0.4498513352137998,0.5459503851497611,0.4924948987888588,0.589727066335371
32,33,0.3998347018498525,0.5011343194022571,0.7134384985293829,0.8121210782226055,0.44226300338482605,0.5449147946689756,0.4846913049197996,0.5886952699356942
33,34,0.3924551953582367,0.4999177961058364,0.7051865550271254,0.8110891540895646,0.4346493177699801,0.5437022631060018,0.47684344018172353,0.5874867301061673
34,35,0.38508321762402875,0.49853985728364636,0.69679066556248,0.8099160251326138,0.4270246105938313,0.5423282605272357,0.4689660035636339,0.586116663770825
35,36,0.3777311626569838,0.4970147770586555,0.6882641772100364,0.8086123102360377,0.41940172371570084,0.5408068118230734,0.46107228477441775,0.5845988465874914
36,37,0.37041002569989046,0.4953555356754331,0.6796198117871433,0.8071875506624584,0.4117921691395189,0.5391506556117646,0.45317431257914725,0.582945775548096
37,38,0.36312955439348393,0.4935739551565864,0.6708697193469974,0.8056503471974024,0.40420626917968805,0.5373713825120945,0.4452829839658921,0.5811688098676024
38,39,0.3558983815738598,0.49168081825306653,0.6620255222877612,0.8040084767936844,0.3966532793601213,0.5354795558753598,0.43740817714638286,0.5792782934976531
39,40,0.3487241423017188,0.48968597306994555,0.6530983519756969,0.8022689921676055,0.3891414965672312,0.5334848175498983,0.4295588508327436,0.5772836620298512
40,41,0.34161357728408304,0.4875984253683595,0.6440988793729991,0.8004383071609229,0.38167835453766497,0.5313959808287317,0.42174313179124684,0.5751935362891039
41,42,0.3345726244977286,0.48542642022994664,0.6350373408456714,0.7985222701723564,0.3742705084112865,0.5292211123840291,0.4139683923248444,0.5730158045381117
42,43,0.3276065005400366,0.4831775145097943,0.6259235600819748,0.7965262275524749,0.3669239097990809,0.5269676047064364,0.4062413190581252,0.5707576949030785
43,44,0.32071977300237453,0.48085864128761935,0.6167669668612878,0.7944550785249509,0.35964387358884825,0.5246422403311881,0.39856797417532197,0.568425839374757
44,45,0.31391642497219974,0.4784761673466439,0.6075766132643559,0.7923133229289697,0.3524351375270659,0.5222512489370855,0.3909538500819321,0.566026330527527
45,46,0.30719991261404567,0.47603594455890597,0.5983611877993005,0.7901051028592478,0.34530191546404276,0.5198003582414271,0.3834039183140398,0.5635647719239483
46,47,0.30057321664970027,0.47354335592936336,0.5891290278261734,0.7878342391016967,0.3382479450245526,0.5172948394779289,0.3759226733994049,0.5610463230264944
47,48,0.2940388884490637,0.4710033569448496,0.5798881305906323,0.7855042631163911,0.3312765303621831,0.5147395481307071,0.3685141722753024,0.5584757393165645
48,49,0.28759909135123063,0.4684205127842934,0.5706461631201658,0.7831184451989884,0.3243905805684385,0.5121389605016922,0.36118206978564643,0.5558574082190908
49,50,0.2812556377572307,0.4657990318707913,0.561410471190834,0.7806798193521882,0.31759264423403727,0.5094972066082041,0.3539296507108438,0.553195381345617
50,51,0.27501002246900774,0.463142796181813,0.5521880875361326,0.7781912053162857,0.3108849405972459,0.5068180998392993,0.34675985872548415,0.5504934034967857
51,52,0.26886345269171874,0.46045538867913827,0.5429857394403246,0.7756552281392539,0.30426938766054523,0.5041051637417788,0.3396753226293717,0.5477549388044193
52,53,0.26281687506669416,0.45774011817350224,0.5338098558348343,0.7730743356095553,0.29774762761082807,0.5013616562577303,0.332678380154962,0.5449831943419585
53,54,0.2568710000591963,0.45500004189905496,0.5246665739968861,0.7704508138270072,0.29132104983845686,0.49859059169369624,0.3257710996177175,0.5421811414883375
54,55,0.25102632398742064,0.4522379860385951,0.5155617459335522,0.7677868011468783,0.2849908118158415,0.49579476066590256,0.31895529964426245,0.5393515352932099
55,56,0.24528314894618908,0.4494565644111642,0.5065009445210099,0.7650843006986157,0.278757858065933,0.49297674823543436,0.312232567185677,0.5364969320597044
56,57,0.23964160084983122,0.4466581955083013,0.4974894694575889,0.7623451916521392,0.27262293742453425,0.49013895042101346,0.30560427399923723,0.5336197053337256
57,58,0.23410164579325565,0.4438451180434101,0.48853235307964926,0.7595712393805649,0.2665866187770223,0.4872835892544668,0.29907159176078885,0.5307220604655236
58,59,0.22866310490774278,0.4410194051597752,0.47963436608114995,0.7567641046478366,0.2606493054295739,0.4844127265244935,0.292635505951405,0.5278060478892119
59,60,0.223325667868151,0.43818297742632595,0.470800023170714,0.7539253519324229,0.2548112482568746,0.4815282763374735,0.2862968286455982,0.5248735752486211
60,61,0.2180889051906597,0.4353376147359691,0.46203358869385514,0.7510564569835034,0.24907255775227288,0.4786320166094565,0.28005621031388606,0.5219264184829439
61,62,0.21295227944466666,0.43248496720882024,0.45333908224265584,0.7481588136934909,0.2434332150921934,0.4757255995907428,0.27391415073972014,0.5189662319726653
62,63,0.20791515548867168,0.42962656519176146,0.44472028427048016,0.7452337403599891,0.23789308231404804,0.47281056151339307,0.2678710091394244,0.5159945578350247
63,64,0.20297680982780497,0.4267638284361793,0.436180741725151,0.7422824854010799,0.23245191169576757,0.4698883314423144,0.26192701356373016,0.5130128344484495
64,65,0.19813643917984747,0.4238980745273194,0.42772377371037584,0.7393062325799233,0.22710935441521138,0.4669602394020796,0.2560822696505753,0.5100224042768398
65,66,0.19339316832700704,0.4210305266312897,0.4193524771819933,0.7363061057878525,0.22186496855895482,0.46402752384419016,0.2503367687909026,0.5070245210570906
66,67,0.18874605732222605,0.4181623206191797,0.4110697326828,0.7332831734292837,0.21671822654219838,0.46109133851292095,0.24469039576217072,0.5040203564066623
67,68,0.18419410811126602,0.41529451162197384,0.4028782101172561,0.7302384524466891,0.21166852199466596,0.45815275876209627,0.2391429358780659,0.5010110059022188
68,69,0.17973627062513753,0.4124280800647764,0.3947803745652486,0.7271729120194935,0.20671517616125282,0.4552127873700168,0.2336940816973681,0.4979974946752572
69,70,0.1753714483915394,0.4095639372242945,0.38677849213225235,0.7240874769669554,0.20185744386079676,0.45227235989521747,0.22834343933005413,0.4949807825661404
70,71,0.17109850370871904,0.40670293034942984,0.3788746358316709,0.7209830308817666,0.19709451904154704,0.44933234961168433,0.22309053437437504,0.49196176887393883
71,72,0.1669162624205316,0.4038458473811837,0.3710706914938482,0.7178604190182348,0.19242553996768527,0.4463935720585684,0.21793481751483895,0.4889412967359531
72,73,0.16282351832736375,0.4009934213048103,0.36336836369514713,0.7147204509563816,0.1878495940675053,0.4434567892362117,0.21287566980764683,0.485920157167613
73,74,0.15881903726394464,0.39814633416421197,0.3557691816996551,0.7115639030610863,0.18336572247055066,0.44052271347742455,0.20791240767715669,0.48289909279063714
74,75,0.15490156087184526,0.3953052207659389,0.3482745054053865,0.7083915207534677,0.17897292425808844,0.43759201102037604,0.20304428764433163,0.4798788012748132
75,76,0.1510698100916058,0.3924706720977704,0.340885531286372,0.7052040206099929,0.17467016044871328,0.4346653053071341,0.19827051080582075,0.47685993851649777
76,77,0.1473224883969203,0.38964323848471594,0.33360329832168567,0.702002092303299,0.17045635773861248,0.43174318002981193,0.19359022708030466,0.47384312157490793
77,78,0.14365828479105103,0.3868234325033221,0.32642869390227613,0.6987864003973898,0.16633041201400534,0.4288261819443828,0.18900253923695964,0.47082893138544357
78,79,0.14007587658366782,0.3840117316734263,0.31936245970639465,0.6955575860086851,0.16229119165150183,0.4259148234705332,0.18450650671933583,0.46781791526764027
79,80,0.1365739319645708,0.3812085809448943,0.3124051975344744,0.6923162683433712,0.15833754062058547,0.42300958509437725,0.18010114927660015,0.4648105892438603
80,81,0.13315111238916277,0.37841439499543206,0.30555737509445113,0.6890630461205505,0.1544682814010266,0.4201109175894573,0.17578545041289045,0.4618074401834826
81,82,0.1298060747891946,0.37562956035424433,0.29881933172875663,0.6857984988898778,0.15068221772685184,0.41721924407018873,0.17155836066450908,0.4588089277861331
82,83,0.12653747362105672,0.3728544373651109,0.29219128407452943,0.6825231882516161,0.14697813716741262,0.41433496189075003,0.16741880071376852,0.4558154864163892
83,84,0.12334396276281345,0.3700893620013561,0.2856733316489325,0.6792376589863819,0.14335481355516883,0.41145844440136836,0.1633656643475242,0.4528275268013806
84,85,0.12022419727020739,0.3673346475441843,0.2792654623519256,0.6759424401012541,0.13981100926897713,0.4085900425729893,0.15939782126774688,0.4498454376017943
85,86,0.11717683500100029,0.36459058613494166,0.27296755787926086,0.6726380457983758,0.13634547738094435,0.4057300865004465,0.15551411976088841,0.44686958686595135
86,87,0.1142005381162492,0.36185745021102567,0.26677939903899395,0.6693249763716956,0.13295696367426638,0.40287888679344286,0.15171338923228356,0.44390032337586
87,88,0.11129397446643263,0.3591354938343976,0.26070067096530813,0.6660037190370486,0.1296442085389068,0.40003673586392263,0.14799444261138095,0.4409379778934477
88,89,0.10845581886972477,0.3564249539209462,0.254730968223979,0.6626747487003826,0.1264059487514641,0.3972039091177414,0.14435607863320343,0.4379828643145366
89,90,0.10568475428917568,0.3537260513783096,0.24886979980436164,0.6593385286685656,0.12324091914514082,0.3943806660579233,0.14079708400110597,0.43503528073753706
90,91,0.10297947291504717,0.35103899215917,0.24311659399331975,0.6559955113068772,0.12014785417531948,0.39156725130623576,0.1373162354355918,0.43209551045330147
91,92,0.1003386771581285,0.3483639682364825,0.23747070312706342,0.6526461386469945,0.11712548938591522,0.38876389554927904,0.13391230161370193,0.42916382286207555
92,93,0.0977610805594401,0.3457011585066123,0.23193140821740788,0.6492908429489864,0.11417256278134782,0.38597081641482706,0.13058404500325554,0.4262404743230418
93,94,0.09524540862137676,0.34305072962587935,0.22649792344947806,0.6459300472205964,0.1112878161087009,0.3831882192837007,0.12733022359602503,0.4233257089415221
94,95,0.09279039956501756,0.34041283678559586,0.2211694005484216,0.6425641656968446,0.10846999605438448,0.38041629804206156,0.12414959254375141,0.42041975929852726
95,96,0.09039480501801822,0.3377876244302832,0.2159449330131652,0.6391936042827713,0.10571785535938219,0.37765523577863314,0.12104090570074616,0.41752284712698307
96,97,0.08805739063724227,0.33517522692340207,0.21082356021574644,0.6358187609619483,0.1030301538569657,0.3749052054310209,0.11800291707668914,0.41463518393863974
97,98,0.08577693667002861,0.33257576916459075,0.2058042713652002,0.6324400261731955,0.10040565943656476,0.3721663703849778,0.11503438220310092,0.41175697160536484
98,99,0.08355223845776183,0.32998936716210636,0.2008860093354201,0.6290577831577757,0.09784314893730747,0.3694388850301775,0.11213405941685312,0.4088884028982487
99,100,0.0813821068852083,0.32741612856387403,0.1960676743568167,0.6256724082791852,0.09534140897459176,0.3667228952757797,0.10930071106397521,0.4060296619876855
100,101,0.07926536877888057,0.3248561531503008,0.1913481275719917,0.6222842713175059,0.09289923670289882,0.36401853902883363,0.10653310462691706,0.4031809249073664
101,102,0.07720086725750319,0.32230953329175216,0.18672619445599858,0.6188937357401612,0.09051544051791671,0.36132594663832207,0.10383001377833023,0.40034235998489204
102,103,0.07518746203750537,0.3197763543733877,0.18220066810209745,0.6155011589507825,0.08818884070092892,0.3586452413074526,0.10119021936435246,0.39751412824151755
103,104,0.07322402969628239,0.317256695189832,0.1777703123742279,0.6121068925177879,0.08591827000828373,0.3559765394765911,0.09861251032028506,0.39469638376335014
104,105,0.07130946389584891,0.31475062831197376,0.17343386492769686,0.6087112823841545,0.083702574208668,0.35331995117906145,0.09609568452148709,0.3918892740461491
105,106,0.06944267556933936,0.3122582204280099,0.16919004009985295,0.6053146690597782,0.08154061257077913,0.35067558037186297,0.0936385495722189,0.3890929403157161
106,107,0.06762259307271001,0.3097795326606968,0.1650375316727365,0.601917387797714,0.07943125830390627,0.3480435252432085,0.09123992353510252,0.3863075178257201
107,108,0.06584816230385837,0.3073146208626034,0.1609750155099242,0.598519768755504,0.07737339895382625,0.34542387849862854,0.08889863560379413,0.38353313613465373
108,109,0.0641183467912586,0.3048635358910481,0.15700115206996446,0.5951221371427187,0.07536593675631895,0.3428167276272762,0.08661352672137929,0.38076991936350435
109,110,0.06243212775412277,0.30242632386425305,0.153114588798972,0.5917248133557658,0.07340778895053629,0.3402221551499242,0.08438345014694981,0.37801798643559537
110,111,0.0607885041359707,0.30000302640014154,0.14931396240509243,0.5883281131009435,0.07149788805435325,0.3376402388500447,0.08220727197273581,0.3752774512999478
111,112,0.059186492613406805,0.2975936808390952,0.14559790101768066,0.5849323475066545,0.06963518210375538,0.3350710519892538,0.08008387159410396,0.3725484231394124
112,113,0.057625127581815816,0.29519832045188343,0.14196502623413676,0.5815378232256323,0.06781863485824097,0.33251466350830583,0.07801214213466612,0.3698310065647283
113,114,0.0561034611195822,0.2928169746338911,0.1384139550574368,0.5781448425279752,0.06604722597412668,0.3299711382147348,0.07599099082867117,0.3671253017955784
114,115,0.054620562932374606,0.2904496690866736,0.13494330172746793,0.5747537033857287,0.06431995114758063,0.32744053695815084,0.07401933936278665,0.3644314048296281
115,116,0.05317552027894401,0.2880964259878033,0.13155167944932888,0.5713646995497086,0.06263582222912795,0.32492291679413543,0.07209612417931188,0.3617494076004676
116,117,0.05176743787981397,0.2857572641498869,0.12823770202181173,0.5679781206192049,0.06099386731130654,0.3224183311375934,0.07022029674279912,0.3590793981252999
117,118,0.05039543781016931,0.2834321991695695,0.12499998536929013,0.5645942521051723,0.059393130791077886,0.3199268299063651,0.06839082377198646,0.35642146064316066
118,119,0.049058659378174,0.28112124356727863,0.12183714898027309,0.5612133754874582,0.05783267340853451,0.31744845965583557,0.06660668743889503,0.35377567574439245
119,120,0.04775625898989733,0.2788244069184066,0.11874781725587658,0.5578357682665934,0.05631157226338093,0.31498326370522545,0.06486688553686454,0.35114212049204435
120,121,0.04648741000194356,0.2765416959765674,0.11573062077145546,0.5544617040106294,0.054828920810596565,0.3125312822561912,0.06317043161924957,0.34852086853581493
121,122,0.04525130256284682,0.2742731147895262,0.11278419745464252,0.5510914523974677,0.05338382883663875,0.3100925525043188,0.06151635511043069,0.3459119902191113
122,123,0.04404714344420402,0.27201866480834314,0.10990719368298119,0.5477252792531047,0.051975422417468053,0.3076671087440478,0.05990370139073209,0.3433155526797524
123,124,0.04287415586249965,0.26977834499024245,0.10709826530434008,0.5443634465861793,0.05060284385964289,0.3052549824675255,0.058331531856786134,0.3407316199448086
124,125,0.04173157929248794,0.26755215189566595,0.10435607858323559,0.5410062126191826,0.0492652516256499,0.30285620245784484,0.056798923958811864,0.3381602530200237
125,126,0.04061866927298163,0.26534007977994467,0.10167931107614492,0.5376538318166688,0.04796182024460491,0.3004707948770925,0.05530497121622818,0.33560150997424026
126,127,0.039534697205821034,0.26314212067998444,0.09906665243884805,0.5343065549107735,0.046691740209391736,0.2980987833495991,0.05384878321296244,0.3330554460192138
127,128,0.038478950148768676,0.26095826449633186,0.09651680516876993,0.5309646289243367,0.04545421786125997,0.2957401890407507,0.05242948557375127,0.33052211358516953
128,129,0.03745073060302895,0.2587884990709566,0.09402848528523111,0.5276282971918842,0.04424847526285908,0.29339503073169376,0.05104621992268921,0.32800156239243095
129,130,0.0364493562960424,0.25663281026106277,0.09160042295046755,0.5242977993787294,0.04307375006062941,0.2910633248902434,0.04969814382521642,0.325493839519424
130,131,0.035474159960178775,0.2544911820092166,0.08923136303417545,0.520973371498415,0.0419292953374347,0.2887450857382759,0.04838443071469062,0.3229989894673352
131,132,0.03452448910790196,0.2523635964100549,0.08692006562431209,0.5176552459287095,0.04081437945626756,0.28644032531586916,0.04710426980463317,0.3205170542216835
132,133,0.03359970580395055,0.2502500337738168,0.08466530648676629,0.514343651426354,0.039728285895822335,0.28414905354242903,0.04585686598769412,0.3180480733110412
133,134,0.032699186435048766,0.24815047268693025,0.08246587747646283,0.5110388131407386,0.038670313078690566,0.28187127827502867,0.044641439722332366,0.3155920838631271
134,135,0.031822321477617765,0.24606489006985244,0.08032058690238397,0.5077409526266752,0.037639774192886055,0.2796070053641613,0.043457226908154345,0.31314912065847017
135,136,0.03096851526393718,0.2439932612323642,0.07822825984890691,0.5044502878564203,0.0366359970073786,0.2773562387070987,0.04230347875082002,0.3107192161818332
136,137,0.030137185747174056,0.24193555992648552,0.0761877384557822,0.5011670332310865,0.0356583236822732,0.27511898029902526,0.04117946161737235,0.30830240067156506
137,138,0.029327764265664857,0.2398917583971878,0.07419788215900192,0.4978913995915716,0.03470611057423459,0.27289523028211554,0.04008445688280432,0.3058987021670433
138,139,0.028539695306818214,0.23786182743104,0.07225756789472582,0.4946235942291266,0.03377872803773249,0.2706849869926954,0.03901776076864677,0.3035081465543507
139,140,0.027772436270970813,0.23584573640293338,0.07036569026835193,0.4913638208956681,0.03287556022263796,0.2684882470066252,0.03797868417430511,0.3011307576103171
140,141,0.027025457235513528,0.23384345332101564,0.06852116169075262,0.48811227981392935,0.03199600486868037,0.2663050051830351,0.036966552501847216,0.29876655704505456
141,142,0.026298240719575205,0.2318549448699443,0.06672291248360207,0.4848691676875524,0.03113947309723869,0.2641352547065208,0.035980705474902175,0.29641556454309725
142,143,0.02559028144953801,0.22988017645257475,0.06496989095566652,0.4816346777111886,0.030305389200916022,0.26197898712791123,0.035020496952294033,0.29407779780324766
143,144,0.02490108612563169,0.2279191122301767,0.06326106345183813,0.4784089995806893,0.02949319043131929,0.25983619240370215,0.03408529473700689,0.29175327257722755
144,145,0.024230173189834447,0.2259717151612789,0.0615954143766243,0.47519231950345453,0.028702326785432303,0.2577068589342508,0.03317448038103016,0.2894420027072228
145,146,0.023577072595295068,0.22403794703921698,0.05997194619374124,0.4719848202089948,0.027932260790958424,0.25559097360080657,0.03228744898662178,0.28714400016239616
146,147,0.02294132557747075,0.22211776852847365,0.05838967940337192,0.46878668095976506,0.027182467290973844,0.2534885218014623,0.03142360900447694,0.28485927507445097
147,148,0.02232248442715734,0.22021113919987567,0.056847652498605794,0.4655980775623151,0.026452433228215777,0.25139948748609103,0.030582382029274213,0.2825878357723064
148,149,0.02172011226557835,0.21831801756471592,0.05534492190247864,0.4624191823788014,0.025741657429308784,0.24932385319033284,0.029763202593039217,0.2803296888159498
149,150,0.02113378282167533,0.2164383611078633,0.053880561886997747,0.4592501643389012,0.025049650389204814,0.24726160006869194,0.0289655179567343,0.2780848390295206
150,151,0.020563080211741358,0.21457212631991718,0.05245366447545041,0.45609118895215406,0.02437593405610397,0.2452127079267995,0.028188787900466583,0.2758532895336818
151,152,0.020007598721515252,0.21271926872845603,0.05106333932924334,0.452942418320769,0.02372004161709501,0.24317715525288927,0.02743248451267477,0.2736350417773225
152,153,0.019466942590845915,0.21087974292843248,0.049708713620459255,0.4498040111529171,0.02308151728473945,0.24115491924853488,0.026696091978632985,0.2714300955686373
153,154,0.0189407258010309,0.20905350261175204,0.04838893189125659,0.446676122776532,0.022459916084813236,0.2391459758586859,0.025979106368595573,0.2692384491056198
154,155,0.018428571864908316,0.20724050059608667,0.0471031559011843,0.44355890515363605,0.02185480364538797,0.2371502998010492,0.025281035425867626,0.26706009900601174
155,156,0.017930113619785137,0.2054406888529533,0.04585056446342861,0.4404525068952079,0.021265755987437795,0.2351678645948438,0.024601398355090454,0.2648950403367343
156,157,0.017444993023274402,0.20365401853509224,0.044630353270955325,0.4373570732766018,0.020692359317132036,0.23319864258896425,0.02393972561098967,0.26274326664283626
157,158,0.016972860952085722,0.20188044000318262,0.04344173471346635,0.43427274625352885,0.0201342098199562,0.23124260498958313,0.02329555868782668,0.26060476997598364
158,159,0.016513377003839258,0.2001199028519216,0.04228393768602978,0.431199664478607,0.019590913456808218,0.22929972188722006,0.022668449909777177,0.2584795409225185
159,160,0.01606620930193048,0.19837235593549352,0.041156207390208865,0.42813796331848164,0.019062085762184683,0.22736996228330006,0.022057962222438887,0.2563675686311066
160,161,0.015631034303488667,0.19663774739245776,0.04005780512845858,0.42508777487152294,0.01854735164457183,0.22545329411622703,0.021463668985654993,0.2542688408399963
161,162,0.015207536610460592,0.19491602467007574,0.03898800809252667,0.42204922798609534,0.018046345189148494,0.22354968428699132,0.020885153767836395,0.2521833439039069
162,163,0.014795408783835229,0.1932071345481028,0.03794610914654284,0.4190224482794025,0.017558709462882266,0.22165909868433292,0.020322010141929303,0.25011106282056306
163,164,0.014394351161029717,0.1915110231620587,0.036931416605449185,0.41600755815689994,0.0170840963221085,0.2197815022094743,0.019773841483187282,0.24805198125688988
164,165,0.01400407167645279,0.18982763602600317,0.035943254009384584,0.41300467683227393,0.01662216622266377,0.21791685880044356,0.01924026076887475,0.24600608157488396
165,166,0.013624285685239435,0.1881569180548287,0.03498095989459571,0.41001392034797757,0.01617258803263069,0.21606513145600034,0.01872089038002195,0.24397334485717198
166,167,0.013254715790172455,0.18649881358608644,0.03404388756141741,0.4070354015963198,0.015735038847762145,0.214226282259176,0.018215361905351835,0.24195375093226557
167,168,0.012895091671776715,0.1848532664013649,0.03313140483982757,0.4040692303410949,0.015309203809621197,0.2124002724004464,0.01772331594746568,0.2399472783995279
168,169,0.012545149921585397,0.1832202197472308,0.032242893853057675,0.4011155132397469,0.01489477592648733,0.2105870622005433,0.017244401931389264,0.2379539046538558
169,170,0.012204633878563964,0.18159961635574506,0.0313777507796944,0.39817435386605493,0.014491455897056998,0.20878661113291602,0.016778277915550033,0.23597360591008698
170,171,0.011873293468680157,0.17999139846457135,0.030535385614699595,0.3952458527333308,0.014098951936973025,0.20699887784585644,0.016324610405265894,0.23400635722714153
171,172,0.011550885047599602,0.17839550783668068,0.029715221929728863,0.3923301073181119,0.013716979608199703,0.20522382018429056,0.015883074168799804,0.23205213253190043
172,173,0.01123717124648771,0.1768118857796681,0.028916696633118244,0.38942721208434505,0.013345261651265455,0.20346139521124892,0.015453352056043201,0.23011090464282974
173,174,0.010931920820896224,0.17524047316469182,0.028139259729869304,0.3865372585080389,0.012983527820382257,0.20171155922902287,0.01503513481986829,0.22818264529335391
174,175,0.010634908502704765,0.17368121044503937,0.02738237408195421,0.3836603351023754,0.012631514721451437,0.19997426780001196,0.014628120940198108,0.22626732515498454
175,176,0.010345914855093286,0.17213403767433244,0.02664551516922964,0.3807965274432652,0.012288965652957645,0.19824947576726834,0.014232016450822005,0.22436491386020424
176,177,0.010064726130514678,0.1705988945243797,0.02592817085122301,0.3779459181953342,0.011955630449750787,0.19653713727474686,0.013846534768986896,0.22247538002511402
177,178,0.00979113413163113,0.16907572030268336,0.025229841130052,0.3751085871383196,0.011631265329709511,0.194837205787264,0.013471396527787893,0.22059869127184462
178,179,0.009524936075189117,0.16756445396960806,0.02455003791470345,0.37228461119386813,0.011315632743280929,0.19314963411017147,0.013106329411372741,0.21873481425073488
179,180,0.009265934458788871,0.16606503415521356,0.023888284786878766,0.36947406445271525,0.01100850122588204,0.1914743744087449,0.012751067992975207,0.21688371466227624
180,181,0.009013936930519106,0.16457739917577086,0.023244116768609047,0.3666770182022304,0.010709645253150823,0.18981137822730274,0.01240535357578254,0.21504535727883461
181,182,0.008768756161413815,0.1631014870499523,0.022617080091814623,0.3638935409543147,0.010418845099026408,0.18816059650804576,0.012068934036639,0.2132197059661392
182,183,0.008530209720698068,0.1616372355147102,0.022006731969972493,0.36112369847363124,0.010135886696643726,0.18652197960962869,0.011741563672589383,0.21140672370454716
183,184,0.00829811995377805,0.16018458204085106,0.021412640372043712,0.3583675538061536,0.009860561502015364,0.18489547732546852,0.011423003050252678,0.20960637261008597
184,185,0.008072313862937608,0.15874346384830396,0.020834383798790768,0.3556251673080183,0.009592666360478785,0.18328103890178643,0.011113018858019963,0.2078186139552689
185,186,0.007852622990700109,0.15731381792109356,0.020271551061613713,0.3528965966746602,0.009332003375882303,0.18167861305539187,0.010811383761064497,0.2060434081896902
186,187,0.0076388833058143035,0.1558955810220224,0.019723741064008427,0.3501818969702183,0.00907837978248413,0.1800881479912093,0.010517876259153958,0.20428071496039624
187,188,0.007430935091820023,0.15448868970706253,0.019190562585751803,0.34748112065719494,0.008831607819528908,0.17850959141955008,0.010232280547237793,0.20253049313203764
188,189,0.007228622838153842,0.15309308033946978,0.01867163406989536,0.3447943176263514,0.00859150460847874,0.1769428905731344,0.009954386378803637,0.200792700806799
189,190,0.007031795133750518,0.15170868910361135,0.018166583412654425,0.3421215352268244,0.008357892032859554,0.17538799222385917,0.00968398893196859,0.199067295344107
190,191,0.006840304563097033,0.15033545201852871,0.017675047756246176,0.33946281829644775,0.00813059662069393,0.17384484269932493,0.009420888678290829,0.19735423338012115
191,192,0.006654007604698031,0.1489733049512223,0.01719667328475527,0.3368182091922626,0.007909449429483989,0.17231338789911216,0.009164891254269947,0.19565347084700202
192,193,0.006472764531905373,0.14762218362967583,0.01673111502305691,0.33418774782120286,0.007694285933708356,0.17079357331081832,0.008915807335511339,0.1939649629919608
193,194,0.006296439316075153,0.14628202365561593,0.016278036638860405,0.33157147167093715,0.0074849459148004505,0.16928534402585285,0.008673452513525748,0.19228866439608977
194,195,0.006124899532001793,0.14495276051701111,0.015837110247890362,0.32896941584085293,0.0072812733535667085,0.16778864475499145,0.008437647175131624,0.19062452899297178
195,196,0.005958016265591892,0.14363432960032207,0.015408016222249077,0.3263816130731717,0.007083116325010991,0.16630341984369712,0.00820821638443009,0.18897251008707217
196,197,0.005795664023730218,0.14232666620249368,0.014990443001975162,0.3238080937841744,0.006890326895524906,0.16482961328720203,0.007984989767319595,0.18733256037191037
197,198,0.005637720646301636,0.1410297055427049,0.014584086909814609,0.3212488860955254,0.006702761022409243,0.16336716874535895,0.007767801398516849,0.185704631948013
198,199,0.0054840672203204655,0.13974338277387022,0.014188651969218702,0.3187040158656823,0.006520278455684203,0.16191602955725873,0.007556489691047941,0.18408867634064724
199,200,0.005334587996126072,0.13846763299390408,0.013803849725570694,0.31617350672137434,0.006342742642149901,0.16047613875562053,0.00735089728817373,0.18248464451733698
200,201,0.0051891703056077265,0.13720239125674438,0.013429399070645776,0.3136573800891377,0.006170020631662804,0.15904743908095115,0.007150870957717881,0.1808924869051579
201,202,0.0050477044824122075,0.13594759258314337,0.013065026070300023,0.3111556552268926,0.006001982985583271,0.15762987299548034,0.006956261488754334,0.1793121534078173
202,203,0.00491008378409552,0.13470317197122672,0.012710463795371552,0.30866834925555087,0.00583850368735897,0.15622338269686933,0.00676692359062242,0.17774359342251195
203,204,0.0047762043161765355,0.1334690644068255,0.012365452155803758,0.30619547719063844,0.005679460055202201,0.15482791013169836,0.006582715794227867,0.17618675585657123
204,205,0.004645964958056359,0.13224520487358205,0.012029737737950685,0.3037370519739234,0.005524732656826681,0.1534433970087311,0.006403500355597003,0.17464158914388017
205,206,0.004519267290758133,0.13103152836283627,0.011703073645064066,0.301293084505032,0.005374205226198581,0.15206978481196143,0.006229143161639028,0.1731080412610866
206,207,0.004396015526453412,0.12982796988328926,0.011385219340931285,0.29886358367304766,0.005227764582269423,0.15070701481343932,0.006059513638085434,0.17158605974358937
207,208,0.004276116439732913,0.12863446447045557,0.011075940496646397,0.29644855638807355,0.005085300549648064,0.14935502808588375,0.005894484659563215,0.17007559170131192
208,209,0.004159479300584579,0.12745094719589967,0.010775008840483435,0.29404800761275274,0.0049467058811745734,0.14801376551507853,0.005733932461764568,0.1685765838342574
209,210,0.004046015809043624,0.1262773531762641,0.010482202010846042,0.2916619403937307,0.0048118761823601475,0.14668316781205692,0.005577736555676671,0.16708898244784975
210,211,0.00393564003147262,0.12511361758209028,0.010197303412260883,0.2892903558930545,0.004680709837651897,0.14536317552507427,0.0054257796438311745,0.16561273346805827
211,212,0.0038282683384400773,0.12395967564643351,0.009920102074381654,0.2869332534194903,0.004553107938487538,0.14405372905136962,0.005277947538534999,0.16414778245630574
212,213,0.0037238193441598844,0.12281546267328103,0.009650392513975814,0.28459063045975674,0.0044289742131033705,0.14275476864872416,0.005134129082046857,0.1626940746241673
213,214,0.003622213847454314,0.12168091404576686,0.00938797459984475,0.28226248270965715,0.004308214958056417,0.14146623444680828,0.004994216068658519,0.1612515548478497
214,215,0.0035233747742084986,0.12055596523419465,0.009132653420657388,0.2799488041051077,0.004190738971427133,0.1401880664583283,0.0048581031686457665,0.15982016768246193
215,216,0.0034272271212817396,0.11944055180386381,0.008884239155644957,0.27764958685304564,0.004076457487666357,0.13892020458996673,0.004725687854050975,0.15839985737606965
216,217,0.003333697901840682,0.11833460942271246,0.008642546948123275,0.2753648214622123,0.0039652841140496164,0.1376625886531285,0.004596870326258551,0.15699056788354454
217,218,0.003242716092082709,0.11723807386876384,0.0084073967818028,0.27309449677380115,0.003857134768706305,0.13641515837447935,0.004471553445329901,0.15559224288019485
218,219,0.0031542125793168063,0.11615088103739513,0.008178613359844489,0.270838599991961,0.003751927620187945,0.1351778534062937,0.004349642661059083,0.1542048257751923
219,220,0.0030681201113693657,0.11507296694842362,0.007956025986618487,0.2685971167141489,0.00364958302854157,0.13395061333660604,0.004231045945713774,0.15282825972478847
220,221,0.002984373247284844,0.11400426775300931,0.007739468452122589,0.26637003096132106,0.003550023487855214,0.1327333776991657,0.004115673728425584,0.1514624876453221
221,222,0.0029029083092906305,0.11294471974038378,0.0075287789190252585,0.2641573252079571,0.0034531735702439115,0.1315260859832017,0.0040034388311971925,0.15010745222601962
222,223,0.00282366333599382,0.11189425934440811,0.007323799812275933,0.26195898041190835,0.0033589598712406576,0.13032867764300035,0.003894256406487495,0.1487630959415926
223,224,0.002746578036784464,0.1108528231499517,0.0071243777112527384,0.25977497604406496,0.003267310956563879,0.12914109210728883,0.0037880438763432944,0.14742936106462595
224,225,0.0026715937474123264,0.10982034789911121,0.006930363244397997,0.2576052901178316,0.0031781573102284133,0.12796326878843883,0.0036847208730445002,0.14610618967776645
225,226,0.002598653386710059,0.10879677049725611,0.006741610986295776,0.2554498992184083,0.0030914312839676605,0.12679514709148132,0.003584209181225262,0.14479352368570653
226,227,0.002527701414438699,0.10778202801891401,0.0065579793571513,0.2533087785318715,0.0030070670479415418,0.12563666642294066,0.0034864326814443847,0.14349130482696731
227,228,0.0024586837902216274,0.10677605771349419,0.006379330524627802,0.2511819018740391,0.002925000542694539,0.12448776619948759,0.003391317295167451,0.142199474685481
228,229,0.0023915479335473444,0.10577879701085313,0.0062055303079946444,0.24906924171913258,0.0028451694323397003,0.12334838585641489,0.0032987909311320562,0.14091797470197664
229,230,0.002326242684806412,0.104790183526702,0.006036448084545509,0.24697076922820815,0.0027675130589340513,0.12221846485593352,0.0032087834330616904,0.13964674618516504
230,231,0.0022627182673491397,0.10381015506786262,0.0058719566982431415,0.244886454277371,0.0026919723980261545,0.12109794269529678,0.0031212265287031693,0.13838573032273094
231,232,0.0022009262505274796,0.10283864963737055,0.005711932370543793,0.2428162654857544,0.002618490015338426,0.119986758914749,0.0030360537801493725,0.13713486819212745
232,233,0.002140819513700931,0.10187560543943042,0.0055562546133642865,0.2407601702432669,0.0025470100245634786,0.11888485310530517,0.002953200535426026,0.13589410077117992
233,234,0.002082352211187355,0.10092096088422398,0.005404806144143515,0.23871813473809755,0.0024774780462465673,0.1177921649163596,0.0028726038813057797,0.13466336894849523
234,235,0.002025479738125391,0.09997465459257526,0.0052574728029595175,0.23669012398398004,0.002409841167725607,0.11670863406312926,0.0027942025973258233,0.13344261353368325
235,236,0.0019701586972363794,0.09903662540047209,0.00511414347165795,0.234676101847206,0.002344047904108165,0.11563420033392968,0.002717937110979951,0.13223177526738727
236,237,0.0019163468664531447,0.09810681236345153,0.004974709994952309,0.23267603107338886,0.0022800481602540112,0.11456880359728983,0.002643749454054878,0.13103079483112812
237,238,0.0018640031674046487,0.09718515476084366,0.00483906710345261,0.23068987331396973,0.002217793193746459,0.11351238380890288,0.0025715832200882693,0.1298396128569621
238,239,0.0018130876347237646,0.09627159209988623,0.0047071123385843405,0.22871758915246743,0.002157235578819916,0.11246488101842086,0.0025013835229160675,0.1286581699369555
239,240,0.0017635613861659571,0.0953660641197015,0.004578745979355037,0.22675913813046367,0.0020983291712271257,0.11142623537608812,0.0024330969562882943,0.12748640663247474
240,241,0.0017153865935146673,0.09446851079514762,0.004453870970930529,0.2248144787733254,0.00204102907401979,0.11039638713922245,0.002366671554524913,0.12632426348329728
241,242,0.0016685264542544154,0.0935788723405373,0.00433239285498066,0.22288356861565584,0.001985291604221423,0.10937527667853969,0.0023020567541884307,0.12517168101654208
242,243,0.0016229451639926396,0.09269708921323594,0.004214219701755173,0.22096636422647908,0.0019310742603689812,0.10836284448432923,0.002239203356745323,0.12402859975542252
243,244,0.0015786078896065092,0.0918231021171323,0.004099262043855467,0.21906282123414977,0.0018783356909013726,0.10735903117247808,0.002178063492196236,0.12289496022782387
244,245,0.001535480743107498,0.09095685200598957,0.003987432811658254,0.21717289435098575,0.0018270356633787732,0.10636377749034776,0.0021185905836500485,0.12177070297470594
245,246,0.0014935307561902977,0.09009828008667653,0.003878647270360247,0.21529653739762789,0.0017771350345035242,0.10537702432250462,0.0020607393128167506,0.12065576855833271
246,247,0.001452725855461634,0.08924732782228306,0.0037728229586038164,0.21343370332711653,0.0017285957209306202,0.1043987126963079,0.0020044655863996064,0.11955009757033275
247,248,0.001413034838323557,0.08840393693511783,0.003669879628648398,0.21158434424869077,0.0016813806708424472,0.10342878378735271,0.0019497265033613376,0.11845363063958758
248,249,0.0013744273494988857,0.08756804940959761,0.003569739188054255,0.20974841145130274,0.0016354538362729487,0.10246717892477725,0.0018964803230470118,0.11736630843995688
249,250,0.0013368738581797102,0.08673960749502052,0.0034723256428411675,0.20792585542684994,0.0015907801461587379,0.10151383959642721,0.0018446864341377656,0.1162880716978339
250,251,0.00130034563578163,0.0859185537082352,0.0033775650420900805,0.20611662589312296,0.00154732548009881,0.10056870745388749,0.0017943053244159901,0.11521886119953978
251,252,0.001264814734294295,0.08510483083619913,0.0032853854239525138,0.20432067181646618,0.0015050566428101153,0.09963172431737671,0.0017452985513259356,0.1141586177985543
252,253,0.0012302539652058186,0.08429838193843797,0.003195716763037537,0.20253794143415582,0.0014639413392545098,0.09870283218051387,0.0016976287133032009,0.11310728242258977
253,254,0.0011966368789886328,0.08349915034939359,0.003108490919140894,0.20076838227648475,0.0014239481504231544,0.09778197321494705,0.001651259421857676,0.11206479608050052
254,255,0.0011639377451342359,0.0827070796806807,0.0030236415872864075,0.19901194118856347,0.0013850465097633158,0.09686908977486147,0.0016061552743923957,0.11103109986904225
255,256,0.0011321315327194048,0.08192211382323644,0.0029411042490489203,0.19726856435183415,0.0013472066802270588,0.0959641244013543,0.0015622818277347128,0.11000613497947215
256,257,0.001101193891493213,0.08114419694937947,0.002860816125126231,0.1955381973052932,0.001310399731930395,0.09506701982668903,0.0015196055723675772,0.10898984270399859
257,258,0.0010711011334680887,0.08037327351476942,0.002782716129133389,0.19382078496642663,0.001274597520403542,0.09417771897842456,0.0014780939073389954,0.1079821644420797
258,259,0.001041830215003814,0.07960928826027591,0.0027067448225873703,0.19211627165185674,0.001239772665418748,0.09329616498342308,0.001437715115833682,0.10698304170657025
259,260,0.0010133587193706939,0.07885218621375334,0.0026328443710512683,0.1904246010977021,0.0012058985303811942,0.0924223011717393,0.0013984383413916945,0.10599241612972526
260,261,0.0009856648397812418,0.07810191269173083,0.0025609585014204628,0.18874571647964544,0.0011729492022682642,0.09155607108039268,0.0013602335647552866,0.10501022946905453
261,262,0.0009587273628730575,0.07735841330100834,0.002491032460306797,0.1870795604327189,0.0011408994721006094,0.09069741845702195,0.0013230715813281613,0.10403642361303556
262,263,0.0009325256526394599,0.07662163394017063,0.0024230129735081096,0.18542607507079711,0.001109724815936769,0.08984628726342678,0.001286923979234078,0.10307094058668292
263,264,0.000907039634786666,0.07589152080101813,0.002356848206530038,0.18378520200580772,0.00107940137637072,0.08900262167899967,0.001251763117954774,0.1021137225569812
264,265,0.0008822497815121899,0.07516802036991077,0.002292487726133441,0.18215688236665428,0.0010499059445252812,0.08816636610404283,0.0012175621075383725,0.10116471183817488
265,266,0.0008581370966947999,0.0744510794290345,0.002229882462887911,0.18054105681785082,0.0010212159425257161,0.08733746516298024,0.0011842947883566324,0.10022385089692598
266,267,0.0008346831014779399,0.07374064505758793,0.002168984674698171,0.17893766557787927,0.0009933094064408232,0.08651586370746181,0.0011519357114037065,0.09929108235733569
267,268,0.0008118698202438379,0.07303666463289038,0.002109747911286375,0.17734664843725778,0.0009661649696806052,0.08570150681936192,0.0011204601191173724,0.09836634900583346
268,269,0.0007896797669626476,0.07233908583141602,0.0020521269796046626,0.1757679447763273,0.000939761846836723,0.08489433981367589,0.0010898439267107984,0.09744959379593576
269,270,0.0007680959319114056,0.07164785662975126,0.001996077910151439,0.1742014935827607,0.0009140798179575749,0.08409430824131292,0.0010600637040037442,0.09654075985287458
270,271,0.0007471017687488146,0.07096292530548165,0.0019415579241718328,0.17264723346878963,0.0008890992132428444,0.08330135789179169,0.001031096657736874,0.09563979047810173
271,272,0.0007266811819368613,0.07028424043800674,0.001888525401723462,0.17110510268815193,0.0008648008981475552,0.08251543479583559,0.0010029206143582492,0.09474662915366444
272,273,0.0007068185145042705,0.06961175090928506,0.0018369398505765355,0.16957503915276606,0.0008411662588867774,0.08173648522787266,0.0009755140032692844,0.09386121954646026
273,274,0.0006874985361388086,0.0689454059045117,0.0017867618759354054,0.16805698044912498,0.0008181771883301325,0.08096445570843999,0.0009488558405214564,0.09298350551236828
274,275,0.0006687064315972213,0.06828515491273035,0.0017379531509587043,0.16655086385442153,0.0007958160722699448,0.08019929300649639,0.0009229257129426682,0.09211343110026243
275,276,0.0006504277894363586,0.06763094772737654,0.0016904763880548623,0.1650566263523957,0.0007740657760668679,0.07944094414164052,0.0008977037626973772,0.09125094055590449
276,277,0.0006326485910354007,0.06698273444676262,0.0016442953109395697,0.16357420464891814,0.0007529096316427897,0.07868935638624325,0.0008731706722501786,0.09039597832572388
277,278,0.000615355199927281,0.06634046547449557,0.0015993746274253207,0.1621035351872997,0.0007323314248338098,0.07794447726748688,0.0008493076497403385,0.08954848906047819
278,279,0.0005985343514112174,0.06570409151983869,0.001555680002940929,0.16064455416333379,0.0007123153830779494,0.07720625456932259,0.0008260964147446814,0.08870841761880649
279,280,0.0005821731424464627,0.06507356359801031,0.0015131780347404922,0.15919719754007955,0.0006928461634345684,0.07647463633433957,0.0008035191844226741,0.08787570907066883
280,281,0.0005662590218206143,0.06444883303042437,0.0014718362268064666,0.15776140106237546,0.0006739088409271621,0.07574957086554915,0.0007815586600337099,0.08705030870067393
281,282,0.000550779780583488,0.06382985144487963,0.0014316229654117718,0.15633710027109649,0.0006554888971999906,0.07503100672809285,0.0007601980138164932,0.08623216201130607
282,283,0.0005357235427382312,0.0632165707756871,0.0013925074953341499,0.15492423051714677,0.00063757220947952,0.07431889275086306,0.0007394208762208088,0.08542121472603903
283,284,0.0005210787561860108,0.06260894326374722,0.0013544598967030197,0.15352272697520364,0.0006201450398340691,0.07361317802804904,0.0007192113234821274,0.08461741279235085
284,285,0.0005068341839147283,0.06200692145657338,0.00131745106245873,0.15213252465719818,0.000603194024723197,0.07291381192060328,0.0006995538655316658,0.08382070238463318
285,286,0.0004929788954265435,0.06141045820826452,0.001281452676415995,0.15075355842554905,0.000586706164827977,0.0722207440576336,0.0006804334342294105,0.08303102990700267
286,287,0.000479502258396991,0.06081950667942637,0.0012464371919079786,0.14938576300614348,0.000570668815156633,0.07153392433771844,0.0006618353719162751,0.0822483419960105
287,288,0.00046639393056013834,0.06023402033704606,0.0012123778110039174,0.1480290730010706,0.0005550696754163531,0.07085330293015119,0.0006437454202725679,0.08147258552325631
288,289,0.00045364385181390077,0.05965395295431675,0.0011792484642769718,0.14668342290110858,0.0005398967806458654,0.07017883027611174,0.0006261497094778301,0.08070370759790674
289,290,0.0004412422365402957,0.05907925861041641,0.001147023791114532,0.1453487470979694,0.000525138492101701,0.06951045708976697,0.0006090347476631064,0.07994165556911753
290,291,0.00042917956613086616,0.05850989169024212,0.0011156791205536587,0.14402497989629937,0.0005107834883885665,0.06884813435930381,0.0005923874106462668,0.0791863770283655
291,292,0.00041744658171682936,0.057945806884100115,0.0010851904526307798,0.1427120555254472,0.0004968207568306071,0.06819181334789484,0.0005761949319443849,0.07843781981168957
292,293,0.00040603427709595685,0.05738695918735093,0.0010555344402259914,0.14140990815098808,0.00048323958507662246,0.0675414455945958,0.0005604448930572881,0.07769593200184066
293,294,0.0003949338918530776,0.05683330390001495,0.0010266883713985209,0.14011847188601667,0.00047002955293218296,0.06689698291517995,0.0005451252140112883,0.07696066193034495
294,295,0.00038413690466199135,0.05628479662633712,0.00099863015219126,0.13883768080221326,0.00045718052441090506,0.06625837740290974,0.0005302241441598188,0.07623195817948236
295,296,0.00037363502677567606,0.055741393274307716,0.0009713382898989265,0.1375674689406724,0.00044468264000330215,0.06562558142924227,0.0005157302532309282,0.07550976958417682
296,297,0.00036342019568824657,0.0552030500551528,0.0009447918767813146,0.1363077703225123,0.000432526309153608,0.06499854764448076,0.0005016324226189695,0.07479404523380873
297,298,0.00035348456897144054,0.05466972348277632,0.0009189705742176368,0.13505851895925536,0.0004207022029401042,0.06437722897835793,0.00048791983690876783,0.07408473447393954
298,299,0.00034382051827774873,0.054141370373176234,0.0008938545972838607,0.1338196488629908,0.0004092012469550377,0.06376157864056967,0.0004745819756323266,0.0733817869079631
299,300,0.00033442062350563795,0.053617947843817126,0.0008694246997436039,0.13259109405631453,0.0003980146143752472,0.06315155012124465,0.0004616086052448565,0.07268515239867218
300,301,0.0003252776671249791,0.05309941331297141,0.0008456621594445934,0.13137278858205614,0.0003871337192231372,0.06254709719136184,0.00044898977132129536,0.07199478106975227
301,302,0.0003163846286544647,0.05258572449902832,0.0008225487641055906,0.1301646665127908,0.00037655020980773,0.06194817390311308,0.00043671579096099533,0.07131062330719784
302,303,0.00030773467929234855,0.05207683941976582,0.0008000667974861209,0.1289666619601363,0.00036625596234685087,0.061354734590210125,0.0004247772454013532,0.07063262976065443
303,304,0.00029932117668762803,0.05157271639159633,0.0007781990259292382,0.12777870908384925,0.00035624307475748407,0.06076673386814274,0.0004131649728273401,0.06996075134468915
304,305,0.00029113765986044093,0.051073314028776684,0.0007569286852661117,0.12660074210070593,0.00034650386061998995,0.060184126634382606,0.00040187006137953896,0.06929493923998853
305,306,0.0002831778442542454,0.05057859124259145,0.0007362394680714424,0.1254326952931879,0.00033703084330224953,0.05960686806853921,0.00039088384235025364,0.06863514489448697
306,307,0.00027543561692511265,0.05008850724050473,0.0007161155112669348,0.12427450301795817,0.0003278167502436258,0.05903491363246566,0.0003801978835621389,0.06798132002442658
307,308,0.00026790503186413517,0.04960302152528662,0.000696541384052729,0.12312609971414823,0.0003188545073971871,0.05846821907031824,0.0003698039829302391,0.06733341661534986
308,309,0.00026058030544195976,0.04912209389410915,0.0006775020761681239,0.12198741991143924,0.0003101372338182862,0.0579067404085678,0.0003596941621946126,0.06669138692302645
309,310,0.0002534558119816621,0.04864568443761952,0.000658982986470158,0.12085839823796041,0.0003016582364034903,0.05735043395596762,0.0003498606608253185,0.06605518347431572
310,311,0.00024652607944974925,0.0481737535389839,0.0006409699118168355,0.11973896942798712,0.00029341100477112136,0.05679925630347449,0.0003402959300924935,0.06542475906796508
311,312,0.00023978578526540062,0.04770626187290816,0.0006234490362507783,0.11862906832945752,0.0002853892062806007,0.056253164324127886,0.0003309926272958008,0.06480006677534761
312,313,0.00023322975222306308,0.04724317040463488,0.0006064069204805289,0.11752862991130042,0.000277586681188019,0.05571211517288657,0.0003219436101529749,0.06418105994113826
313,314,0.00022685294452706728,0.04678444038891749,0.0005898304916368557,0.11643758927058068,0.00026999743793268416,0.05517606628642446,0.00031314193133830104,0.06356769218393143
314,315,0.00022065046393204835,0.0463300333689699,0.0005737070333138306,0.11535588163946531,0.0002626156485511233,0.05464497538288457,0.00030458083317019824,0.06295991739679924
315,316,0.00021461754599139127,0.04587991117539636,0.000558024175874805,0.11428344239201094,0.00025543564421751097,0.054118800461595284,0.0002962537424436307,0.06235768974779421
316,317,0.00020874955640626247,0.0454340359250992,0.0005427698870233977,0.11322020705077507,0.00024845191090488994,0.05359749980274739,0.0002881542654035174,0.061760963680395575
317,318,0.00020304198747245206,0.04499237002016643,0.0005279324626250581,0.11216611129325738,0.00024165908516166068,0.05308103196703351,0.0002802761828508693,0.06116969391390059
318,319,0.00019749045462735815,0.044554876146740474,0.0005135005177829832,0.11112109095816547,0.00023505195000750323,0.052569355795252376,0.0002726134453876483,0.06058383544376428
319,320,0.00019209069308767646,0.04412151727386748,0.0004994629781495119,0.11008508205152068,0.00022862543093646326,0.05206243040787642,0.00026516016878525006,0.06000334354188536
320,321,0.0001868385545833462,0.04369225665232823,0.00048580907147866004,0.10905802075259019,0.00022237459203364174,0.051560215204584925,0.0002579106294839373,0.05942817375684162
321,322,0.00018173000417265328,0.04326705781345164,0.00047252831940103324,0.10803984341966422,0.0002162946321911663,0.05106266986376434,0.0002508592602096793,0.05885828191407705
322,323,0.00017676111715358989,0.04284588456791161,0.0004596105294287778,0.10703048659566594,0.00021038088143401912,0.05056975434197444,0.00024400064571444835,0.05829362411603728
323,324,0.0001719280760509312,0.0424287010045068,0.0004470457871689204,0.10602988701360883,0.00020462879734003958,0.05008142887338332,0.00023732951862914797,0.057734156742259846
324,325,0.00016722716769157486,0.0420154714889267,0.00043482444875653226,0.10503798160189615,0.000199033961561762,0.049597653969172234,0.00023084075543194915,0.057179836449417765
325,326,0.00016265478035548675,0.04160616066250011,0.00042293713348462436,0.10405470748946932,0.00019359207643956933,0.04911839041690816,0.0002245293725236519,0.056630620171316204
326,327,0.00015820740100835895,0.04120073344093056,0.0004113747166406556,0.10308000201080225,0.00018829896171060345,0.048643599279888455,0.00021839052241284795,0.05608646511884635
327,328,0.000153881612604434,0.04079915501301934,0.000400128322533444,0.10211380271075277,0.00018315055130313507,0.048173241896457414,0.00021241949000183613,0.05554732877989549
328,329,0.0001496740914660455,0.04040139083937122,0.0003891893177097039,0.10115604734926309,0.00017814289022052843,0.0477072798792926,0.00020661168897501136,0.055013168919213984
329,330,0.00014558160473654436,0.040007406651092814,0.000378549304357767,0.10020667390592097,0.00017327213151127618,0.04724567511466787,0.000200962658286008,0.05448394357824293
330,331,0.00014160100789850638,0.03961716844847285,0.0003682001138832769,0.09926562058437882,0.0001685345333193311,0.04678838976168559,0.00019546805874015583,0.05395961107489833
331,332,0.00013772924236243878,0.0392306424996568,0.0003581338006685142,0.09833282581663239,0.0001639264560161502,0.04633538625148853,0.0001901236696698616,0.05344013000332026
332,333,0.00013396333311843645,0.0388477953393066,0.0003483426359939257,0.09740822826716533,0.00015944435940881685,0.04588662728644313,0.00018492538569919725,0.052925459233579664
333,334,0.000130300386456339,0.03846859376724898,0.00033881910212696376,0.09649176683695815,0.00015508480002773828,0.045442075839299545,0.00017986921359913755,0.05241555791135011
334,335,0.00012673758774317534,0.03809300484711997,0.00032955588657379575,0.09558338066736782,0.00015084442848475876,0.04500169515233185,0.0001749512692263422,0.05191038545754373
335,336,0.0001232721992660002,0.03772099590499001,0.0003205458764831137,0.09468300914387529,0.00014671998690646282,0.044565448736448715,0.00017016777454692544,0.05140990156790742
336,337,0.00011990155812835468,0.03735253452799081,0.00031178215320415426,0.09379059189970562,0.00014270830643395294,0.04413330037029137,0.0001655150547395512,0.050914066212591924
337,338,0.00011662307420823304,0.03698758856292339,0.0003032579869942653,0.09290606881932717,0.0001388063047934318,0.04370521409930081,0.0001609895353786306,0.05042283963567823
338,339,0.00011343422817089444,0.03662612611486671,0.0002949668318664722,0.09202938004182137,0.000135010983932482,0.04328115423477291,0.00015658773969406958,0.049936182354679115
339,340,0.00011033256953363324,0.03626811554577214,0.00028690232057992926,0.09116046596413996,0.00013131942771962835,0.042861085352888045,0.00015230628590562345,0.04945405516000395
340,341,0.00010731571478739266,0.03591352547305571,0.0002790582597663738,0.0902992672442341,0.00012772879970865403,0.042444972293725125,0.0001481418846299154,0.04897641911439454
341,342,0.00010438134556589596,0.035562324768179,0.0002714286251872533,0.08944572480407698,0.00012423634096209168,0.04203278016025391,0.00014409133635828741,0.04850323555232883
342,343,0.00010152720686507077,0.03521448255522719,0.00026400755712263635,0.08859977983256517,0.00012083936793327865,0.04162447431731256,0.00014015152900148653,0.04803446607939793
343,344,9.875110531487596e-05,0.03486996820947885,0.00025678935588291374,0.0877613737883095,0.00011753527041033496,0.041220020390565354,0.00013631943550579395,0.047570072571651856
344,345,9.6050907493761e-05,0.03452875135597222,0.0002497684774439568,0.0869304484023189,0.0001143215095114336,0.04081938426544571,0.00013259211152910622,0.047110017174919194
345,346,9.342453829019881e-05,0.034190801868064,0.0002429395292014025,0.08610694568057187,0.00011119561573647019,0.04042253208608135,0.00012896669318274157,0.04665426230409869
346,347,9.086997931262442e-05,0.03385608986598598,0.00023629726583940247,0.08529080790648413,0.00010815518707454896,0.04002943025420577,0.0001254403948364735,0.04620277064242556
347,348,8.838526733623286e-05,0.03352458571539463,0.0002298365853117268,0.08448197764327281,0.00010519788715748768,0.03964004542805305,0.0001220105069787425,0.04575550514071147
348,349,8.596849279873808e-05,0.0331962600259188,0.00022355252493455602,0.08368039773621716,0.00010232144346944416,0.039254344521239326,0.00011867439414015024,0.04531242901655985
349,350,8.36177983319919e-05,0.03287108364970226,0.000217440257582191,0.08288601131482032,9.952364560159022e-05,0.03887229470163006,0.00011542949287118853,0.04487350575355786
350,351,8.133137733790097e-05,0.03254902767994361,0.0002114950879882338,0.08209876179487108,9.680234355630146e-05,0.038493863390193755,0.00011227330977470196,0.0444386991004439
351,352,7.910747259942674e-05,0.03223006344943313,0.00020571244915001952,0.08131859288041254,9.415544609639448e-05,0.03811901825984354,0.00010920341959336222,0.04400797307025395
352,353,7.694437493255268e-05,0.03191416252908763,0.00020008789882397515,0.08054544856561308,9.158091914032718e-05,0.037747727234266365,0.00010621746334810167,0.0435812919394451
353,354,7.484042187300144e-05,0.03160129672648171,0.00019461711612356325,0.07977927313654831,8.907678420050358e-05,0.03737995848673964,0.00010331314652800572,0.04315862024699757
354,355,7.279399640081063e-05,0.03129143808437651,0.0001892958982064874,0.07902001117288848,8.664111686568221e-05,0.03701568043893669,0.00010048823733055379,0.042739922793496865
355,356,7.080352569699411e-05,0.03098455887925089,0.00018412015705360218,0.07826760754949957,8.427204532213128e-05,0.036654861759723434,9.774056494726846e-05,0.04232516464019598
356,357,6.886747993650744e-05,0.030680631619824816,0.00017908591633231108,0.07752200743795845,8.196774891738867e-05,0.036297471363941486,9.506801789826991e-05,0.041914311108058155
357,358,6.698437111352096e-05,0.030379629045587664,0.0001741893083496704,0.07678315630797816,7.97264567628242e-05,0.03594347841118398,9.246854241212743e-05,0.04150732777678029
358,359,6.51527518991113e-05,0.030081524125321613,0.00016942657108709458,0.07605099992875597,7.754644637397723e-05,0.03559285230456102,8.994014084884316e-05,0.041104180483800434
359,360,6.337121452826278e-05,0.029786290055626163,0.0001647940453143315,0.07532548437023345,7.542604234750394e-05,0.03524556268945567,8.74808701667451e-05,0.04070483532328517
360,361,6.16383897189543e-05,0.029493900259443095,0.0001602881717832627,0.07460655600428323,7.336361507487288e-05,0.03490157945227307,8.508884043079146e-05,0.04030925864510304
361,362,5.995294562277653e-05,0.029204328384579648,0.00015590548849864216,0.07389416150580885,7.135757949264243e-05,0.03456087271917904,8.276221336250833e-05,0.03991741705377844
362,363,5.831358679830867e-05,0.028917548302233587,0.00015164262806299789,0.07318824785377676,6.940639386279757e-05,0.03422341285483366,8.049920092728646e-05,0.03952927740743373
363,364,5.671905321880111e-05,0.028633534105516945,0.00014749631509303196,0.07248876233216672,6.750855859083416e-05,0.03388917046111481,7.82980639628672e-05,0.039144806816712674
364,365,5.516811930261767e-05,0.028352260107983418,0.00014346336370729684,0.07179565253085196,6.56626150732087e-05,0.03355811637583775,7.615711084379972e-05,0.03876397264369208
365,366,5.3659592974431014e-05,0.028073700842154214,0.00013954067508237245,0.07110886634640756,6.386714457887188e-05,0.03323022167146644,7.407469618331275e-05,0.03838674250077867
366,367,5.219231474551389e-05,0.02779783105804534,0.00013572523507587864,0.0704283519828447,6.212076715686465e-05,0.03290545765381808,7.204921956821542e-05,0.03801308424959082
367,368,5.0765156827004e-05,0.02752462572169745,0.00013201411191232637,0.06975405795228262,6.042214057941364e-05,0.03258379586076368,7.007912433182328e-05,0.037642965999829914
368,369,4.937702226104346e-05,0.027254060013708004,0.00012840445393635935,0.069085933075548,5.8769959309562525e-05,0.03226520806092334,6.816289635808159e-05,0.037276356108138675
369,370,4.802684407922975e-05,0.026986109327762464,0.00012489348742183992,0.06842392648271012,5.71629534989182e-05,0.031949666252354264,6.629906291860665e-05,0.036913223176946064
370,371,4.6713584482493964e-05,0.026720749269170785,0.00012147851444554991,0.0677679876135523,5.5599888012430876e-05,0.03163714266123652,6.448619154236779e-05,0.03655353605330225
371,372,4.543623404307251e-05,0.02645795565340303,0.00011815691081562552,0.06711806621798111,5.4079561478764804e-05,0.031327609740552764,6.27228889144571e-05,0.0361972638277025
372,373,4.419381093201391e-05,0.02619770450463188,0.00011492612405761271,0.06647411235637313,5.260080536997891e-05,0.03102104016876628,6.100779980794391e-05,0.03584437583290068
373,374,4.298536016089649e-05,0.02593997205427323,0.00011178367145736612,0.06583607639986111,5.1162483101441225e-05,0.03071740684849228,5.933960604198596e-05,0.03549484164271133
374,375,4.18099528501914e-05,0.025684734739532367,0.0001087271381524646,0.0652039090305635,4.976348915930462e-05,0.030416682905168635,5.771702546841784e-05,0.0351486310708049
375,376,4.066668551672148e-05,0.025431969201951565,0.00010575417528180253,0.06457756124175529,4.840274825348989e-05,0.03011884168572143,5.61388109902583e-05,0.0348057141694913
376,377,3.955467937666324e-05,0.025181652285964473,0.00010286249818047821,0.06395698433798558,4.707921448843244e-05,0.029823856757230344,5.4603749600201645e-05,0.034466061228496214
377,378,3.8473079672973753e-05,0.024933761037448154,0.00010004988462763986,0.06334212993513488,4.579187056205636e-05,0.029531701905588514,5.311066145113896e-05,0.034129642773728874
378,379,3.7421055016584326e-05,0.024688272702283687,9.731417313929569e-05,0.06273294996042766,4.453972698290065e-05,0.02924235113416296,5.165839894921698e-05,0.03379642956604223
379,380,3.6397796749798594e-05,0.024445164724917867,9.465326131008478e-05,0.06212939665238504,4.332182131150386e-05,0.028955778662451193,5.024584587320913e-05,0.03346639259998452
380,381,3.54025183233464e-05,0.02420441474693047,9.206510419856873e-05,0.06153142256073152,4.213721741969101e-05,0.028671958924738283,4.887191651603562e-05,0.0331395031025461
381,382,3.443445469197837e-05,0.023966000605603943,8.954771275815343e-05,0.060938980546251686,4.098500477170419e-05,0.028390866568750783,4.753555485143002e-05,0.03281573253189762
382,383,3.3492861727824064e-05,0.023729900332498444,8.709915230842302e-05,0.060352023780596675,3.9864297725095144e-05,0.02811247645431053,4.6235733722366223e-05,0.03249505257612262
383,384,3.257701564685078e-05,0.023496092152029857,8.471754105132678e-05,0.059770505746047586,3.877423484952014e-05,0.0278367636519872,4.49714540521895e-05,0.032177435151944545
384,385,3.168621245530634e-05,0.0232645544800546,8.24010486257798e-05,0.05919438023522816,3.77139782666569e-05,0.027563703441751325,4.374174407800746e-05,0.03186285240344805
385,386,3.081976740626491e-05,0.023035265922456527,8.014789470178751e-05,0.05862360135077882,3.6682713004471124e-05,0.0272932713116259,4.254565860267734e-05,0.03155127670079527
386,387,2.997701447426948e-05,0.022808205273740056,7.795634761420533e-05,0.05805812350498041,3.567964637188337e-05,0.027025442956338463,4.138227826949725e-05,0.03124268063893687
387,388,2.915730584385212e-05,0.022583351515627292,7.582472303258037e-05,0.057497901419342634,3.470400734986723e-05,0.02676019427597348,4.025070885588233e-05,0.03093703703631967
388,389,2.836001141215405e-05,0.022360683815661364,7.375138266751957e-05,0.05694289012414544,3.3755045999367406e-05,0.02649750137462492,3.915008058658076e-05,0.030634318933588478
389,390,2.758451830342512e-05,0.022140181525812874,7.1734733012363e-05,0.05639304495794606,3.283203288409475e-05,0.026237340559049388,3.8079547464764385e-05,0.030334499592285902
390,391,2.683023039851129e-05,0.021921824181093452,6.977322412127229e-05,0.05584832156703878,3.193425851077958e-05,0.02597968833732059,3.703828662304787e-05,0.030037552493547726
391,392,2.609656787866399e-05,0.021705591498174748,6.786534841596303e-05,0.055308675904889304,3.106103278469052e-05,0.025724521417485324,3.6025497690717057e-05,0.0297434513367959
392,393,2.5382966776232863e-05,0.02149146337400798,6.600963953151684e-05,0.054774064231518094,3.021168447733813e-05,0.025471816706216982,3.50404021784434e-05,0.029452170038425984
393,394,2.468887854445434e-05,0.02127941988445836,6.420467118539719e-05,0.05424444311285692,2.9385560712635872e-05,0.02522155130747783,3.4082242880817404e-05,0.029163682730497298
394,395,2.401376963490076e-05,0.021069441282934642,6.244905608698836e-05,0.05371976942007006,2.8582026464607502e-05,0.024973702521174673,3.315028329431424e-05,0.028877963759414704
395,396,2.3357121086253763e-05,0.020861507999033524,6.0741444869338856e-05,0.05320000032883698,2.7800464068805653e-05,0.02472824784182373,3.224380705135754e-05,0.028594987684613937
396,397,2.271842812839875e-05,0.02065560063718197,5.908052505199102e-05,0.05268509331860738,2.7040272749412342e-05,0.024485164957211036,3.1362117370425935e-05,0.028314729277240103
397,398,2.2097199791071276e-05,0.020451699975291726,5.7465020036007175e-05,0.05217500617181836,2.630086815538779e-05,0.024244431747060757,3.0504536519704306e-05,0.02803716351882979
398,399,2.1492958529045758e-05,0.020249786963415395,5.589368812020101e-05,0.051669696973087764,2.558168191296728e-05,0.02400602628170137,2.9670405296888802e-05,0.027762265599987346
399,400,2.0905239854096536e-05,0.020049842722411948,5.436532154923235e-05,0.05116912410837127,2.48821611885941e-05,0.023769926820738113,2.885908252309166e-05,0.02749001091906428
400,401,2.033359197750606e-05,0.019851848542614015,5.287874558468353e-05,0.0506732462640922,2.420176826331555e-05,0.023536111811723937,2.8069944549125037e-05,0.02722037508083386
401,402,1.977757546400838e-05,0.01965578588250705,5.143281760378038e-05,0.05018202242624459,2.3539980120362847e-05,0.02330455988883881,2.7302384776717314e-05,0.026953333895170573
402,403,1.9236762894281334e-05,0.019461636367409385,5.0026426221094766e-05,0.04969541187946713,2.289628804394428e-05,0.023075249871566422,2.6555813193607225e-05,0.02668886337572346
403,404,1.8710738533878057e-05,0.019269381788160844,4.865849043400594e-05,0.0492133742060914,2.2270197225837673e-05,0.02284816076337723,2.582965591779729e-05,0.026426939738593613
404,405,1.8199098017479542e-05,0.019079004099820107,4.7327958794363134e-05,0.04873586928516094,2.1661226388164367e-05,0.022623271750415924,2.5123354758849192e-05,0.02616753940101174
405,406,1.770144803525664e-05,0.018890485420362646,4.603380859780071e-05,0.04826285729143165,2.1068907411242455e-05,0.022400562200187962,2.443636678722827e-05,0.02591063898001328
406,407,1.721740603166655e-05,0.018703808029390756,4.477504510147501e-05,0.04779429869434404,2.0492784975123524e-05,0.022180011660254073,2.3768163918580498e-05,0.02565621529111739
407,408,1.6746599910355542e-05,0.018518954366848583,4.355070075567902e-05,0.04733015425696985,1.9932416208040538e-05,0.021961599856927166,2.3118232505725533e-05,0.02540424534700575
408,409,1.62886677516072e-05,0.018335907031740373,4.2359834465210966e-05,0.04687038503494101,1.938737034962168e-05,0.021745306693970706,2.248607294763616e-05,0.02515470635620104
409,410,1.5843257528902477e-05,0.018154648780860816,4.120153086262235e-05,0.04641495237535476,1.885722841490911e-05,0.021531112251305523,2.1871199300915745e-05,0.02490757572175023
410,411,1.5410026842910263e-05,0.017975162527528066,4.007489960677901e-05,0.045963817915656624,1.834158287666865e-05,0.02131899678371657,2.1273138910427036e-05,0.024662831039905075
411,412,1.4988642655811013e-05,0.017797431340325964,3.8979074697409466e-05,0.04551694358250269,1.7840037349475812e-05,0.02110894071956726,2.0691432043140612e-05,0.024420450098808555
412,413,1.4578781035945454e-05,0.017621438441848936,3.791321381185764e-05,0.045074291590605275,1.735220628623635e-05,0.02090092465951357,2.0125631536527244e-05,0.024180410877178204
413,414,1.4180126909124624e-05,0.017447167207460756,3.687649765538037e-05,0.044635824441557226,1.6877714681645672e-05,0.02069492937522935,1.957530245416672e-05,0.02394269154299794
414,415,1.3792373817156367e-05,0.01727460116405255,3.5868129333982424e-05,0.04420150492263708,1.641619778455783e-05,0.02049093580812894,1.904002175195929e-05,0.02370727045220533
415,416,1.3415223679369426e-05,0.01710372398881399,3.48873337406852e-05,0.04377129610559849,1.596730081598885e-05,0.02028892506810062,1.8519377952608274e-05,0.023474126147387253
416,417,1.304838656779328e-05,0.016934519508006063,3.393335695989208e-05,0.04334516134544364,1.5530678698638667e-05,0.020088878432239693,1.8012970829484054e-05,0.023243237356473323
417,418,1.2691580480672648e-05,0.016766971695745148,3.300546568896223e-05,0.042923064279175804,1.5105995789937987e-05,0.0198907773435901,1.7520411099203326e-05,0.02301458299143505
418,419,1.2344531127195246e-05,0.0166010646727911,3.2102946674328336e-05,0.04250496882454191,1.4692925624615327e-05,0.019694603409889044,1.7041320122035408e-05,0.02278814214698699
419,420,1.2006971717437587e-05,0.016436782705344544,3.12251061624913e-05,0.04209083917875622,1.4291150664452745e-05,0.019500338402317324,1.6575329611467904e-05,0.022563894099290105
420,421,1.1678642755641455e-05,0.016274110203849834,3.0371269368889564e-05,0.04168063981721026,1.3900362053287374e-05,0.01930796425425524,1.6122081350933293e-05,0.022341818304660643
421,422,1.1359291842261143e-05,0.01611303172180456,2.9540779958425745e-05,0.041274335492170744,1.3520259380339628e-05,0.019117463060041667,1.5681226918418112e-05,0.022121894398278774
422,423,1.1048673478120108e-05,0.01595353195457838,2.8732999539315962e-05,0.040871891231460955,1.3150550448259857e-05,0.018928817073741194,1.5252427418399606e-05,0.021904102192904007
423,424,1.0746548878115547e-05,0.015795595738236412,2.7947307176034997e-05,0.04047327233713227,1.2790951049945765e-05,0.01874200870791437,1.4835353221775982e-05,0.02168842167759233
424,425,1.0452685785034e-05,0.015639208048371156,2.718309890958892e-05,0.04007844438412356,1.2441184748746004e-05,0.018557020532394303,1.4429683712458008e-05,0.02147483301641745
425,426,1.016685829435815e-05,0.015484353998942102,2.6439787293885963e-05,0.03968737321890492,1.210098266790638e-05,0.018373835273069516,1.4035107041454609e-05,0.02126331654719693
426,427,9.888846676853191e-06,0.015331018841119537,2.571680094443085e-05,0.039300024958117685,1.177008328134832e-05,0.018192435810669455,1.365131988584345e-05,0.021053852780219373
427,428,9.61843721203337e-06,0.015179187962140572,2.501358410011978e-05,0.038916365987195056,1.1448232214356091e-05,0.018012805179560137,1.3278027216678812e-05,0.020846422396979702
428,429,9.355422024071025e-06,0.015028846884166613,2.4329596195027392e-05,0.03853636295898133,1.1135182048260805e-05,0.017834926566540954,1.2914942072450586e-05,0.020641006248915295
429,430,9.099598919593e-06,0.01487998126315293,2.3664311442739283e-05,0.0381599827923339,1.0830692128427355e-05,0.017658783309650705,1.256178533726171e-05,0.02043758535614848
430,431,8.850771236579291e-06,0.014732576887721227,2.3017218433674103e-05,0.037787192670722614,1.0534528382372121e-05,0.017484358896976387,1.2218285528164952e-05,0.020236140906231548
431,432,8.608747687488538e-06,0.014586619678043089,2.238781974017723e-05,0.037417960040816656,1.02464631359378e-05,0.017311636965470806,1.1884178584387062e-05,0.020036654252898523
432,433,8.373342217704582e-06,0.014442095684728429,2.177563153682449e-05,0.03705225261106315,9.966274942013742e-06,0.017140601299774183,1.1559207666322902e-05,0.019839106914819937
433,434,8.14437385843192e-06,0.014298991087720925,2.1180183225610882e-05,0.0366900383502623,9.693748407285652e-06,0.016971235831041515,1.1243122956139384e-05,0.019643480574362104
434,435,7.921666590138265e-06,0.014157292195202453,2.060101707612727e-05,0.036331285486129294,9.428674028838513e-06,0.016803524635777556,1.093568146753876e-05,0.01944975707635266
435,436,7.705049206774284e-06,0.01401698544250296,2.0037687873841747e-05,0.035975962503855485,9.170848032896695e-06,0.016637451934676084,1.0636646859019105e-05,0.019257918426849208
436,437,7.494355182879886e-06,0.013878057391018883,1.9489762577151737e-05,0.03562403814465798,8.920072216478392e-06,0.016473002091467348,1.0345789250076898e-05,0.019067946791915813
437,438,7.289422546907787e-06,0.013740494727137564,1.8956819985205264e-05,0.03527548140432735,8.676153796793873e-06,0.016310159611768654,1.0062885046679959e-05,0.018879824496399744
438,439,7.090093755879323e-06,0.013604284261168775,1.8438450413160723e-05,0.03493026153176704,8.438905262253549e-06,0.016148909141943474,9.787716768627774e-06,0.018693534022718172
439,440,6.896215575258324e-06,0.01346941292628534,1.793425537865989e-05,0.034588348027529636,8.208144228666336e-06,0.015989235467966212,9.520072882074349e-06,0.018509058009647084
440,441,6.707638960046225e-06,0.013335867777469645,1.7443847294740245e-05,0.03424971064234694,7.983693298824202e-06,0.01583112351429372,9.259747637602178e-06,0.018326379251117797
441,442,6.52421894120625e-06,0.013203635990465368,1.6966849172184162e-05,0.03391431937565759,7.765379926527594e-06,0.01567455834274009,9.006540911848937e-06,0.018145480695014815
442,443,6.345814513419867e-06,0.013072704860740636,1.6502894329195605e-05,0.03358214447412711,7.553036283108883e-06,0.015519525151362734,8.760258052797898e-06,0.017966345441984832
443,444,6.172288527506176e-06,0.012943061802455302,1.6051626111068806e-05,0.033253156430169906,7.3464991298399784e-06,0.015366009273350828,8.520709732173781e-06,0.017788956744246354
444,445,6.003507584173562e-06,0.012814694347435207,1.561269761418682e-05,0.032927325980462,7.145609690978327e-06,0.015213996175920896,8.287711797783093e-06,0.017613298004406586
445,446,5.839341931324071e-06,0.012687590144155214,1.5185771421122318e-05,0.03260462410445564,6.950213532030958e-06,0.01506347145921988,8.061085132737844e-06,0.017439352774284544
446,447,5.6796653657986695e-06,0.012561736956729241,1.4770519339846189e-05,0.03228502202288741,6.760160441987573e-06,0.014914420855234312,7.840655518176476e-06,0.017267104753739382
447,448,5.524355134789438e-06,0.012437122663905065,1.4366622152373054e-05,0.031968491196289195,6.575304317052444e-06,0.014766830226704386,7.62625349931545e-06,0.017096537789503707
448,449,5.3732918421367515e-06,0.012313735258069336,1.3973769369290956e-05,0.03165500332349114,6.395503048345352e-06,0.014620685566046288,7.417714254553953e-06,0.01692763587402324
449,450,5.226359357402011e-06,0.01219156284425793,1.3591658990286248e-05,0.031344530340126964,6.220618413516066e-06,0.014475972994280273,7.214877469630121e-06,0.016760383144302615
450,451,5.083444723719133e-06,0.012070593639173066,1.3219997273994366e-05,0.031037044417138726,6.050515968303305e-06,0.01433267875996494,7.017587212887477e-06,0.016594763880756813
451,452,4.944438074971913e-06,0.01195081597020975,1.2858498509515925e-05,0.03073251795927545,5.885064946364871e-06,0.014190789238139045,6.8256918177578285e-06,0.01643076250606834
452,453,4.809232547642317e-06,0.011832218274485329,1.25068847992571e-05,0.030430923603597004,5.724138155749348e-06,0.014050290929267878,6.639043763856378e-06,0.016268363584050427
453,454,4.677724201207489e-06,0.011714789097879486,1.2164885843546358e-05,0.03013223421797573,5.567611882945078e-06,0.01391117045819723,6.457499564682667e-06,0.016107551818514976
454,455,4.549811937870629e-06,0.011598517094080663,1.1832238734243994e-05,0.02983642289959354,5.415365798261407e-06,0.0137734145731154,6.280919658652184e-06,0.015948312052150138
455,456,4.425397423069022e-06,0.011483391023637601,1.1508687752015412e-05,0.029543462973446566,5.267282860543787e-06,0.013637010144518569,6.1091682980185524e-06,0.015790629265399536
456,457,4.304385011533185e-06,0.01136939975301976,1.1193984168711424e-05,0.029253327990844347,5.123249230076787e-06,0.013501944164185153,5.94211344862039e-06,0.015634488575350547
457,458,4.186681674567261e-06,0.011256532253683393,1.0887886059185448e-05,0.028965991727912588,4.983154180598914e-06,0.013368203744155371,5.779626686630568e-06,0.01547987523462735
458,459,4.072196924886917e-06,0.011144777601146738,1.0590158111889458e-05,0.02868142818409547,4.84689001181704e-06,0.013235776115719244,5.621583098747163e-06,0.01532677463029175
459,460,3.96084275211539e-06,0.011034124974068082,1.0300571449906037e-05,0.028399611580658735,4.714351970358521e-06,0.013104648628407378,5.467861188601653e-06,0.015175172282746674
460,461,3.85253354984183e-06,0.01092456365333494,1.0018903455533135e-05,0.02812051635919588,4.585438165227718e-06,0.012974808748993094,5.318342780613605e-06,0.015025053844651248
461,462,3.7471860553361935e-06,0.010816083021156886,9.744937596534164e-06,0.02784411718013613,4.460049493865137e-06,0.012846244060496281,5.17291293239408e-06,0.014876405099835677
462,463,3.644719280715414e-06,0.010708672560167831,9.478463263268289e-06,0.027570388921249744,4.338089561933822e-06,0.012718942261198657,5.031459843152231e-06,0.014729211962229483
463,464,3.5450544533244255e-06,0.010602321852532293,9.21927560348923e-06,0.02729930667616054,4.219464611487922e-06,0.012592891163660663,4.8938747696514184e-06,0.014583460474789034
464,465,3.4481149543408307e-06,0.010497020579061767,8.96717536791325e-06,0.027030845752859634,4.104083448447371e-06,0.01246807869374944,4.760051942553911e-06,0.014439136808437114
465,466,3.3538262600441016e-06,0.010392758518332434,8.72196875412179e-06,0.026764981672218524,3.991857372126484e-06,0.012344492889668185,4.629888484208866e-06,0.014296227261003935
466,467,3.2621158850831833e-06,0.010289525545818523,8.483467259567945e-06,0.02650169016650883,3.882700107621373e-06,0.012222121900999583,4.503284330159563e-06,0.014154718256180643
467,468,3.1729133253000086e-06,0.010187311633021667,8.251487536359292e-06,0.026240947177920915,3.7765277388912555e-06,0.012100953987746466,4.380142152482502e-06,0.014014596342471264
468,469,3.0861500048828816e-06,0.01008610684661504,8.025851249260363e-06,0.025982728857089188,3.6732586444487847e-06,0.01198097751938662,4.260367284014688e-06,0.013875848192158202
469,470,3.001759223519862e-06,0.009985901347590254,7.806384940689526e-06,0.025727011561618274,3.5728134351875607e-06,0.011862180973929964,4.143867646855259e-06,0.013738460600269675
470,471,2.9196761039962382e-06,0.00988668539041293,7.592919895049732e-06,0.02547377185461408,3.4751148922929076e-06,0.01174455293698451,4.030553680589577e-06,0.013602420483556088
471,472,2.839837544010848e-06,0.009788449322181259,7.385292010386735e-06,0.02522298650321586,3.380087908899654e-06,0.011628082100825637,3.9203382737884596e-06,0.013467714879470016
472,473,2.7621821661050205e-06,0.009691183581797436,7.183341672267751e-06,0.024974632477134495,3.287659431666645e-06,0.011512757263477086,3.81313669722827e-06,0.013334330945156736
473,474,2.6866502721434316e-06,0.00959487869913711,6.986913629880576e-06,0.0247286869471941,3.1977584052933494e-06,0.011398567327791487,3.7088665384432673e-06,0.013202255956445863
474,475,2.6131837949083803e-06,0.0094995252942347,6.79585687946016e-06,0.02448512728387664,3.1103157165091044e-06,0.011285501300545148,3.6074476381098286e-06,0.013071477306855595
475,476,2.541726255911314e-06,0.009405114076465826,6.61002454394044e-06,0.024243931055872747,3.0252641427253035e-06,0.011173548291530944,3.508802029539293e-06,0.012941982506596061
476,477,2.472222721427997e-06,0.009311635843744726,6.429273764374521e-06,0.024005076028632555,2.942538299466335e-06,0.011062697512665864,3.4128538775046735e-06,0.012813759181587003
477,478,2.4046197589777663e-06,0.009219081481720681,6.253465587024998e-06,0.023768540162927176,2.862074589798924e-06,0.010952938277097923,3.319529420620082e-06,0.012686795072475165
478,479,2.3388653981326613e-06,0.009127441962987537,6.0824648585589e-06,0.023534301613408748,2.783811156426008e-06,0.010844259998325334,3.228756914719355e-06,0.012561078033663131
479,480,2.274909088328947e-06,0.009036708346292666,5.916140120465485e-06,0.023302338727181016,2.7076878325316134e-06,0.010736652189315993,3.14046657673428e-06,0.01243659603233932
480,481,2.2127016630069107e-06,0.008946871775758147,5.754363509913318e-06,0.023072630042367592,2.6336460978715337e-06,0.01063010446163934,3.0545905327361567e-06,0.012313337147520531
481,482,2.1521952979774994e-06,0.008857923480105168,5.59701065916407e-06,0.02284515428669287,2.5616290307839407e-06,0.010524606524600716,2.971062763590382e-06,0.012191289569096264
482,483,2.093343478448695e-06,0.008769854771884411,5.4439606025358245e-06,0.02261989037606249,2.4915812675552207e-06,0.010420148184382638,2.8898190566617465e-06,0.012070441596880865
483,484,2.0361009612779313e-06,0.008682657046715114,5.295095680701856e-06,0.022396817413150694,2.423448957872276e-06,0.010316719343193947,2.810796954466621e-06,0.01195078163967278
484,485,1.9804237397780255e-06,0.008596321782527006,5.150301453205053e-06,0.02217591468599478,2.357179723799785e-06,0.010214309998423349,2.7339357078215443e-06,0.011832298214319692
485,486,1.9262690115207093e-06,0.008510840538810904,5.0094666074196326e-06,0.021957161666592673,2.292722619812171e-06,0.010112910241800027,2.6591762281036324e-06,0.01171497994478915
486,487,1.8735951435866482e-06,0.008426204955874428,4.872482875284412e-06,0.02174053800950504,2.2300280932974204e-06,0.010012510258560758,2.5864610430081925e-06,0.011598815561247089
487,488,1.8223616422563538e-06,0.008342406754103249,4.739244949258925e-06,0.021526023550468065,2.1690479468650103e-06,0.009913100326622626,2.515734251473667e-06,0.011483793899142003
488,489,1.7725291202586035e-06,0.008259437733230124,4.609650401166121e-06,0.021313598305005566,2.1097353007371034e-06,0.009814670815762871,2.446941481215603e-06,0.011369903898295619
489,490,1.7240592689038436e-06,0.0081772897716067,4.483599603699595e-06,0.021103242467051975,2.052044557804278e-06,0.009717212186802743,2.380029846704712e-06,0.011257134601998786
490,491,1.6769148251105648e-06,0.008095954825486418,4.3609956534851335e-06,0.020894936407577336,1.9959313667938794e-06,0.009620714990801527,2.314947908477194e-06,0.011145475156116635
491,492,1.6310595458701727e-06,0.00801542492830698,4.2417442980280384e-06,0.020688660673221837,1.9413525897682415e-06,0.009525169868251526,2.2516456336663104e-06,0.011034914808196072
492,493,1.5864581798252786e-06,0.007935692189984245,4.125753861217163e-06,0.020484395984935122,1.888266268762484e-06,0.00943056754828403,2.1900743576996895e-06,0.010925442906583815
493,494,1.5430764376267447e-06,0.007856748796208124,4.012935173269838e-06,0.020282123236618488,1.836631592089244e-06,0.009336898847877112,2.1301867465517432e-06,0.0108170488995461
494,495,1.500880969507179e-06,0.007778587007747251,3.903201503674403e-06,0.020081823493779516,1.7864088649455212e-06,0.00924415467107359,2.0719367603838634e-06,0.01070972233439993
495,496,1.4598393365261586e-06,0.007701199159756977,3.796468493688643e-06,0.01988347799218726,1.737559477715811e-06,0.009152326008201234,2.0152796189054634e-06,0.01060345285664549
496,497,1.419919987366569e-06,0.007624577661094811,3.692654090281522e-06,0.0196870681365382,1.6900458765511939e-06,0.009061403935101714,1.9601717657358186e-06,0.010498230209108617
497,498,1.3810922329104969e-06,0.007548714993640404,3.591678485070915e-06,0.019492575499123532,1.6438315342814924e-06,0.008971379612363856,1.906570835652488e-06,0.010394044231087307
498,499,1.3433262237017018e-06,0.007473603711621868,3.4934640513739623e-06,0.01929998181851078,1.5988809227429623e-06,0.008882244284563579,1.8544356217842228e-06,0.01029088485750529
499,500,1.306592926630934e-06,0.00739923644094842,3.3979352858093392e-06,0.019109268998222406,1.5551594857721174e-06,0.008793989279510389,1.8037260449133008e-06,0.010188742118072358
500,501,1.2708641012881827e-06,0.0073256058785462486,3.3050187487893012e-06,0.01892041910542852,1.5126336108672866e-06,0.008706606007497508,1.7544031204463906e-06,0.010087606136448768
501,502,1.2361122819770642e-06,0.007252704791703035,3.214643009674667e-06,0.018733414369643264,1.4712706065123093e-06,0.008620085960560853,1.7064289310475544e-06,0.00998746712941867
502,503,1.202310750847424e-06,0.007180526017415256,3.126738590597533e-06,0.018548237181426508,1.4310386730054248e-06,0.008534420711741347,1.6597665951634255e-06,0.009888315406067438
503,504,1.1694335230183484e-06,0.007109062461743365,3.041237913170569e-06,0.018364870091098218,1.391906881614835e-06,0.00844960191435476,1.6143802402113216e-06,0.009790141366966154
504,505,1.1374553239296148e-06,0.0070383070991703045,2.958075248749026e-06,0.01818329580744993,1.3538451495431758e-06,0.008365621301266168,1.5702349751567368e-06,0.009692935503362032
505,506,1.106351569135633e-06,0.006968252971966904,2.877186663252651e-06,0.01800349719647265,1.3168242156136323e-06,0.00828247068417065,1.5272968620916316e-06,0.009596688396374398
506,507,1.0760983469859653e-06,0.006898893189562161,2.79850997331188e-06,0.017825457280086554,1.2808156193144793e-06,0.008200141952879852,1.4855328916429933e-06,0.009501390716197544
507,508,1.0466723996405136e-06,0.006830220927918962,2.721984694531443e-06,0.0176491592348772,1.2457916781782874e-06,0.008118627074614082,1.4449109567160612e-06,0.009407033221309202
508,509,1.0180511053059504e-06,0.006762229428914801,2.6475519967483763e-06,0.017474586390842872,1.2117254669929967e-06,0.008037918093299984,1.4053998286800429e-06,0.009313606757685167
509,510,9.9021246091624e-07,0.006694911999727826,2.575154658845946e-06,0.01730172223014348,1.1785907965966569e-06,0.007958007128873373,1.3669691322770738e-06,0.00922110225801892
510,511,9.631350647021364e-07,0.006628262012230102,2.5047370235675714e-06,0.017130550385861976,1.146362194032191e-06,0.007878886376589761,1.3295893233622458e-06,0.00912951074094942
511,512,9.367981007590842e-07,0.0065622729023818716,2.436244956993683e-06,0.016961054640767803,1.1150148832295148e-06,0.007800548106337152,1.2932316656999454e-06,0.009038823310292432
512,513,9.111813215056941e-07,0.006496938169635147,2.36962580402178e-06,0.016793218926091202,1.0845247647717216e-06,0.0077229846619570885,1.257868208037749e-06,0.00894903115427903
513,514,8.862650335839106e-07,0.006432251376340181,2.3048283506188483e-06,0.016627027320302856,1.054868399130715e-06,0.007646188460570108,1.2234717646775195e-06,0.008860125544800035
514,515,8.6203008231589e-07,0.006368206147157829,2.241802781854929e-06,0.01646246404790186,1.0260229872105509e-06,0.007570151991906804,1.1900158921052117e-06,0.008772097836655779
515,516,8.384578361608774e-07,0.0063047961684772336,2.1805006460429155e-06,0.016299513478207905,9.979663534998018e-07,0.007494867817644607,1.1574748708387261e-06,0.00868493946681198
516,517,8.155301737255982e-07,0.006242015187836514,2.1208748161027913e-06,0.016138160124165024,9.7067692880759e-07,0.007420328570748896,1.1258236838895819e-06,0.008598641953661279
517,518,7.932294692203357e-07,0.00617985701335233,2.062879453590405e-06,0.01597838864115053,9.441337342208644e-07,0.007346526954821686,1.0950379992213932e-06,0.008513196896291042
518,519,7.715385775819428e-07,0.006118315513150674,2.0064699735033997e-06,0.015820183825788314,9.183163634518543e-07,0.00727345574345345,1.0650941493217658e-06,0.008428595973756225
519,520,7.504408240377458e-07,0.0060573846148043176,1.9516030103083892e-06,0.01566353061477621,8.932049692100819e-07,0.0072011077795810785,1.035969114382418e-06,0.00834483094435784
520,521,7.29919989339578e-07,0.005997058304774927,1.8982363831909765e-06,0.015508414083712063,8.687802466600392e-07,0.007129475974851668,1.0076405039805003e-06,0.008261893644928409
521,522,7.099602974403041e-07,0.005937330627861392,1.8463290664127996e-06,0.015354819445936196,8.450234186829775e-07,0.007058553308991966,9.800865399256509e-07,0.00817977599012254
522,523,6.905464037254561e-07,0.005878195686647714,1.795841154783595e-06,0.015202732051372236,8.219162215550302e-07,0.0069883328291788505,9.532860393846043e-07,0.008098469971709987
523,524,6.716633836889585e-07,0.005819647640965875,1.7467338346843775e-06,0.015052137385382691,7.99440891402492e-07,0.006918807649423875,9.272183991160254e-07,0.008017967657881875
524,525,6.532967204986306e-07,0.005761680707350725,1.6989693545355067e-06,0.014903021067626199,7.775801496856527e-07,0.00684997094995185,9.018635788726748e-07,0.007938261192552976
525,526,6.354322941160007e-07,0.0057042891585104005,1.6525109934883986e-06,0.014755368850926653,7.563171904312327e-07,0.006781815976594052,8.772020867464647e-07,0.007859342794677704
526,527,6.180563709712317e-07,0.00564746732279553,1.6073230365565294e-06,0.01460916662014633,7.356356672982844e-07,0.006714336040181207,8.532149636253372e-07,0.007781204757566884
527,528,6.011555931939583e-07,0.005591209583674206,1.5633707444173695e-06,0.01446440039106811,7.155196808938946e-07,0.00664752451594261,8.29883768593831e-07,0.007703839448211014
528,529,5.847169678441233e-07,0.005535510379213293,1.5206203278772534e-06,0.014321056309282598,6.959537669493088e-07,0.006581374842911936,8.071905660544942e-07,0.007627239306610578
529,530,5.687278573640597e-07,0.005480364201562282,1.4790389215590949e-06,0.014179120649087884,6.769228834413443e-07,0.006515880523336098,7.851179095186289e-07,0.0075513968451099145
530,531,5.531759689203497e-07,0.0054257655964427,1.4385945588113458e-06,0.014038579812389873,6.584123995456714e-07,0.006451035122089582,7.636488301709932e-07,0.007476304647736465
531,532,5.380493480755533e-07,0.005371709162641514,1.3992561473941123e-06,0.013899420327614487,6.404080857280725e-07,0.0063868322660946275,7.427668233805917e-07,0.007401955369547741
532,533,5.233363647993983e-07,0.0053181895515100885,1.3609934452762928e-06,0.013761628848625751,6.228961001164546e-07,0.006323265643745357,7.224558354335109e-07,0.007328341735980626
533,534,5.090257089168659e-07,0.0052652014664656965,1.3237770374319169e-06,0.013625192153651433,6.058629805349991e-07,0.0062603290043364845,7.027002521531323e-07,0.0072554565422072725
534,535,4.951063784508491e-07,0.005212739662500132,1.2875783121923945e-06,0.013490097144215563,5.892956321806864e-07,0.006198016157499181,6.834848859105236e-07,0.00718329265249823
535,536,4.815676722946804e-07,0.005160798945689771,1.2523694419286358e-06,0.013356330844078279,5.731813182696666e-07,0.006136320972637804,6.647949642446527e-07,0.007111842999585838
536,537,4.683991825515932e-07,0.005109374172712289,1.2181233582930773e-06,0.013223880398183452,5.575076507391419e-07,0.006075237378375786,6.466161189266906e-07,0.007041100584039284
537,538,4.555907858749819e-07,0.005058460250365826,1.1848137344561138e-06,0.013092733071613516,5.422625803108705e-07,0.006014759362002325,6.289343747467591e-07,0.006971058473638825
538,539,4.4313263525275204e-07,0.0050080521350955864,1.1524149627906155e-06,0.01296287624855097,5.274343868599818e-07,0.0059548809689276005,6.117361384672115e-07,0.006901709802759615
539,540,4.310151533459816e-07,0.004958144832519107,1.1209021356650695e-06,0.012834297431247088,5.130116708662591e-07,0.005895596302138539,5.950081883865366e-07,0.006833047771757972
540,541,4.192290240512264e-07,0.004908733396961962,1.0902510277910338e-06,0.012706984238999075,4.989833442825553e-07,0.005836899521662858,5.787376645138842e-07,0.006765065646363755
541,542,4.077651871714494e-07,0.0048598129309948,1.0604380750178777e-06,0.012580924407133098,4.853386229020096e-07,0.005778784844036766,5.629120586325698e-07,0.006697756757078732
542,543,3.9661482931219183e-07,0.004811378584972714,1.0314403576794362e-06,0.012456105785995097,4.7206701700441833e-07,0.00572124654177511,5.475192046966448e-07,0.006631114498577506
543,544,3.8576937855250293e-07,0.004763425556581935,1.0032355837186202e-06,0.012332516339948474,4.591583236124297e-07,0.005664278942848933,5.325472686723565e-07,0.00656513232911593
544,545,3.7522049689542314e-07,0.004715949090389082,9.758020695915803e-07,0.012210144146380553,4.4660261880324903e-07,0.005607876430165859,5.179847407110749e-07,0.006499803769942636
545,546,3.64960075049936e-07,0.004668944477394854,9.491187258348077e-07,0.01208897739471182,4.343902504366781e-07,0.005552033441056398,5.038204258234202e-07,0.006435122404717941
546,547,3.5498022477042923e-07,0.004622407054590938,9.231650386354318e-07,0.011969004385419035,4.2251182952313115e-07,0.005496744466762571,4.900434342758331e-07,0.006371081878934204
547,548,3.452732739717135e-07,0.004576332204523026,8.979210552872985e-07,0.011850213529059017,4.1095822464476406e-07,0.00544200405193343,4.7664317531781464e-07,0.006307675899343834
548,549,3.358317596235949e-07,0.004530715354854276,8.733673698690936e-07,0.011732593345302411,3.9972055296266795e-07,0.005387806794122957,4.63609346301741e-07,0.006244898233391638
549,550,3.2664842442020614e-07,0.004485551977935542,8.494851049256624e-07,0.011616132461976236,3.8879017646986647e-07,0.005334147343292794,4.509319285195268e-07,0.006182742708650046
550,551,3.177162080092444e-07,0.0044408375903806085,8.262559013649806e-07,0.011500819614109647,3.78158691444197e-07,0.005281020401321862,4.386011748791496e-07,0.0061212032122631155
551,552,3.090282428841462e-07,0.00439656775264019,8.036619014717417e-07,0.011386643642989913,3.678179245347746e-07,0.00522842072151547,4.2660760618540294e-07,0.0060602736903907495
552,553,3.005778509423962e-07,0.004352738068585826,7.8168573458548e-07,0.011273593495222278,3.5775992654474287e-07,0.005176343108122955,4.1494200214708954e-07,0.0059999481476600836
553,554,2.9235853538089884e-07,0.004309344185092212,7.603105065534521e-07,0.01116165822180204,3.4797696490951324e-07,0.005124782415857093,4.0359539443812764e-07,0.005940220646621974
554,555,2.843639771432649e-07,0.004266381791628859,7.395197849646706e-07,0.011050826977186512,3.3846151858973883e-07,0.005073733549420062,3.9255906003621277e-07,0.0058810853072112645
555,556,2.7658803070096383e-07,0.004223846619849203,7.192975862713169e-07,0.010941089018379535,3.2920627271448843e-07,0.005023191463029847,3.8182451472801304e-07,0.005822536306210491
556,557,2.6902471750300805e-07,0.004181734443189256,6.996283641313994e-07,0.010832433704021538,3.202041116701082e-07,0.004973151159955225,3.7138350583720836e-07,0.005764567876721194
557,558,2.616682236444845e-07,0.004140041076465928,6.804969971963004e-07,0.010724850493484706,3.114481152421966e-07,0.004923607692051496,3.6122800683990874e-07,0.005707174307637064
558,559,2.5451289342726113e-07,0.00409876237548179,6.61888778452635e-07,0.010618328945976252,3.029315519265108e-07,0.0048745561593023234,3.513502104257604e-07,0.0056503499431228565
559,560,2.4755322602931784e-07,0.004057894236630721,6.437894020105972e-07,0.010512858719650131,2.946478743215408e-07,0.004825991709364041,3.417425226137638e-07,0.0055940891820973615
560,561,2.4078387106385435e-07,0.004017432596509329,6.261849533339969e-07,0.010408429570721744,2.8659071438230654e-07,0.004777909537115599,3.3239755770075874e-07,0.005538386477721868
561,562,2.3419962458248733e-07,0.0039773734315312614,6.09061899137231e-07,0.010305031352592864,2.787538777859755e-07,0.004730304884211001,3.2330813098946365e-07,0.00548323633689074
562,563,2.277954241902691e-07,0.003937712757545175,5.92407075394874e-07,0.010202654014981771,2.711313396019932e-07,0.00468317303863755,3.144672550137173e-07,0.005428633319729925
563,564,2.2156634704728617e-07,0.0038984466294554876,5.762076777937608e-07,0.010101287603060394,2.637172401009913e-07,0.004636509334275701,3.058681331546964e-07,0.005374572039095915
564,565,2.1550760498367794e-07,0.003859571140847118,5.604512541834694e-07,0.010000922256598987,2.5650587995307284e-07,0.004590309150464822,2.9750415492246773e-07,0.005321047160082526
565,566,2.0961453872647695e-07,0.0038210824236140084,5.451256900323997e-07,0.009901548209113264,2.4949171412158577e-07,0.004544567911571262,2.893688895166946e-07,0.005268053399528516
566,567,2.0388261878778735e-07,0.0037829766475915294,5.30219204208926e-07,0.00980315578702673,2.4266935122474464e-07,0.004499281086562862,2.8145608366170194e-07,0.005215585525534194
567,568,1.983074385814021e-07,0.003745250020190216,5.157203367689434e-07,0.009705735408830574,2.3603354618040306e-07,0.004454444188583401,2.7375965377940403e-07,0.005163638356976585
568,569,1.9288471198031232e-07,0.0037078987860348356,5.016179405181731e-07,0.00960927758425445,2.2957919743049615e-07,0.0044100527745344065,2.6627368288068e-07,0.005112206763033977
569,570,1.8761027009706055e-07,0.0036709192266060064,4.879011759051366e-07,0.009513772913444352,2.2330134330506013e-07,0.004366102444658404,2.589924165130597e-07,0.005061285662710802
570,571,1.8248005739796014e-07,0.0036343076598849278,4.745594964772337e-07,0.009419212086145046,2.171951568041841e-07,0.004322588842127162,2.519102562104081e-07,0.005010870024369396
571,572,1.7749013137002834e-07,0.0035980604400032146,4.615826456610961e-07,0.009325585880890719,2.1125594487636512e-07,0.004279507652633546,2.450217583827019e-07,0.004960954865263878
572,573,1.7263665474942513e-07,0.0035621739568920674,4.489606473256913e-07,0.009232885164199178,2.0547914056368022e-07,0.0042368546039859845,2.383216263779353e-07,0.0049115352510799015
573,574,1.6791589707576549e-07,0.0035266446359393244,4.3668379801076185e-07,0.009141100889777931,1.9986030358465356e-07,0.004194625465708118,2.3180471009354164e-07,0.004862606295476912
574,575,1.6332422836384808e-07,0.0034914689376466246,4.247426594883308e-07,0.009050224097729154,1.9439511372842944e-07,0.004152816048641095,2.254659990930108e-07,0.004814163159635565
575,576,1.5885811921467763e-07,0.0034566433572895683,4.13128051879319e-07,0.008960245913768428,1.8907936982781592e-07,0.004111422204548826,2.1930062044095422e-07,0.004766201051808083
576,577,1.5451413615252818e-07,0.0034221644245846505,4.0183104632607325e-07,0.00887115754844392,1.8390898526288169e-07,0.004070439825729882,2.133038343732352e-07,0.004718715226875114
577,578,1.5028893940449706e-07,0.0033880287033536405,3.908429577759165e-07,0.008782950296365999,1.7887998499110935e-07,0.004029864844627334,2.0747103057772165e-07,0.004671700985901028
578,579,1.461792805690365e-07,0.0033542327911965097,3.8015533898594356e-07,0.008695615535440515,1.7398850282734912e-07,0.003989693233448471,2.0179772508566174e-07,0.004625153675700433
579,580,1.4218200083959687e-07,0.0033207733191641386,3.697599731955492e-07,0.00860914472610963,1.692307786682612e-07,0.003949921003783663,1.9627955649692552e-07,0.004579068688403187
580,581,1.3829402667475676e-07,0.003287646951434464,3.596488695745137e-07,0.008523529410596753,1.646031544677573e-07,0.003910544206229688,1.9091228226075785e-07,0.004533441461024912
581,582,1.3451236979822312e-07,0.003254850384994179,3.498142546742855e-07,0.008438761212162249,1.6010207329331116e-07,0.0038715589300184206,1.856917767883992e-07,0.004488267475042662
582,583,1.3083412231384983e-07,0.003222380349318432,3.4024856732095543e-07,0.008354831834359255,1.5572407405239908e-07,0.003832961302644433,1.8061402579094832e-07,0.004443542255970434
583,584,1.2725645659461549e-07,0.0031902336060581904,3.3094445373027526e-07,0.008271733060300157,1.5146579149249995e-07,0.003794747489501371,1.756751263903844e-07,0.004399261372944552
584,585,1.2377662206297657e-07,0.0031584069487299304,3.2189476228960956e-07,0.008189456751927837,1.4732395167693646e-07,0.0037569136935184932,1.7087128129089635e-07,0.004355420438307056
585,586,1.2039194441371137e-07,0.003126897202403889,3.130925346761515e-07,0.008107994849290479,1.4329537112445223e-07,0.0037194561548000715,1.661987978351931e-07,0.004312015107196254
586,587,1.1709982050689405e-07,0.003095701223402636,3.045310047466998e-07,0.008027339369826136,1.3937695197974165e-07,0.0036823711502709244,1.6165408345258925e-07,0.004269041077139213
587,588,1.1389772003322918e-07,0.003064815898994211,2.9620358976689687e-07,0.00794748240765053,1.355656822077389e-07,0.003645654993321673,1.5723364438224863e-07,0.004226494087649135
588,589,1.1078318107315965e-07,0.003034238147093915,2.88103888301805e-07,0.00786841613285394,1.3185863179110413e-07,0.0036093040334590765,1.529340825090486e-07,0.004184369919824238
589,590,1.0775380943073287e-07,0.003003964915969437,2.802256736655906e-07,0.007790132790798432,1.2825295100937772e-07,0.0035733146559625006,1.4875209258802258e-07,0.004142664395955564
590,591,1.0480727608008777e-07,0.00297399318394187,2.725628890365428e-07,0.007712624701425641,1.2474586766342277e-07,0.003537683281535614,1.4468445924675777e-07,0.004101373379129358
591,592,1.0194131550012031e-07,0.002944319959098163,2.6510964390435987e-07,0.0076358842585706466,1.213346854378461e-07,0.0035024063659702676,1.4072805537557187e-07,0.004060492772842372
592,593,9.915372511937193e-08,0.0029149422790001323,2.578602078529002e-07,0.007559903929275857,1.18016782346686e-07,0.003467480399807349,1.3687983957400007e-07,0.0040200185206145655
593,594,9.644236154127128e-08,0.0028858572103993563,2.508090078956471e-07,0.007484676253119549,1.1478960751376555e-07,0.0034329019080037715,1.331368534862598e-07,0.003979946605608187
594,595,9.380514032208964e-08,0.0028570618489532906,2.439506233686828e-07,0.007410193841540735,1.116506800347139e-07,0.0033986674496006564,1.2949621974733816e-07,0.003940273050248022
595,596,9.124003386151713e-08,0.0028285533189446044,2.3727978160081875e-07,0.0073364493771768124,1.0859758647896456e-07,0.003364773617396233,1.2595513909641198e-07,0.0039009939158478613
596,597,8.874507018141742e-08,0.002800328773002958,2.3079135436088194e-07,0.007263435613202196,1.0562797975177673e-07,0.0033312170376206263,1.2251088932213605e-07,0.0038621053022382945
597,598,8.631833181560467e-08,0.00277238539182989,2.2448035363886731e-07,0.007191145372677288,1.027395773456341e-07,0.003297994369614088,1.1916082287566354e-07,0.0038236033473982856
598,599,8.395795270121909e-08,0.002744720383925481,2.1834192720504575e-07,0.0071195715478957755,9.993015853693166e-08,0.003265102305508416,1.1590236437264423e-07,0.0037854842270913514
599,600,8.166211817872693e-08,0.0027173309853185668,2.123713567225849e-07,0.007048707099746698,9.719756322024153e-08,0.003232537569910543,1.1273300826175614e-07,0.003747744154502519
600,601,7.942906321556364e-08,0.002690214459298401,2.0656405141927792e-07,0.006978545057072849,9.453969079808999e-08,0.003200296919589868,1.0965031838061634e-07,0.0037103793798813345
601,602,7.725707151795547e-08,0.002663368096149421,2.009155470883428e-07,0.006909078516040945,9.195449821031154e-08,0.0031683771431677554,1.0665192490266762e-07,0.00367338619018609
602,603,7.514447286638415e-08,0.0026367892128893455,1.9542150175855255e-07,0.006840300639514907,8.943999779686962e-08,0.003136775060811281,1.0373552272735509e-07,0.0036367609087332164
603,604,7.308964367069848e-08,0.0026104751530084958,1.9007769080925385e-07,0.006772204656434799,8.699425663172278e-08,0.0031054875239282242,1.0089886959274708e-07,0.0036004998948479527
604,605,7.1091003195356e-08,0.0025844232862111127,1.848800070813894e-07,0.006704783861198993,8.461539391380057e-08,0.0030745114148647557,9.813978463224515e-08,0.0035645995435183986
605,606,6.914701633498055e-08,0.0025586310081614494,1.7982445410513748e-07,0.006638031613057205,8.230158193844872e-08,0.0030438436466082575,9.545614754191689e-08,0.0035290562850550655
606,607,6.725618773018027e-08,0.0025330957402301957,1.7490714521173345e-07,0.006571941335500209,8.005104096264759e-08,0.0030134811624905333,9.284589419511491e-08,0.003493866584750871
607,608,6.541706365492672e-08,0.0025078149292445673,1.701243009799569e-07,0.006506506515664978,7.786204103688021e-08,0.0029834209358948205,9.030701841883371e-08,0.0034590269425450737
608,609,6.362823068428725e-08,0.0024827860472377283,1.6547224335194954e-07,0.0064417207037358315,7.573289953488604e-08,0.002953659969964162,8.783756838548484e-08,0.0034245338926905955
609,610,6.188831358500124e-08,0.002458006591206763,1.6094739663241597e-07,0.006377577512356569,7.366197965485988e-08,0.0029241952973157737,8.543564572471851e-08,0.0033903840034247845
610,611,6.019597453832404e-08,0.002433474082867204,1.5654628193750852e-07,0.006314070616044165,7.164768914269537e-08,0.002895023979754996,8.30994037470667e-08,0.0033565738766427877
611,612,5.854991236287077e-08,0.0024091860684105626,1.5226551619562656e-07,0.006251193750610895,6.96884793205399e-08,0.0028661431079915756,8.082704627820902e-08,0.0033231001475725885
612,613,5.6948862181549487e-08,0.002385140118268958,1.4810180803959128e-07,0.00618894071258802,6.778284442066074e-08,0.002837549801362388,7.861682665977199e-08,0.0032899594844558178
613,614,5.539159242395897e-08,0.0023613338268752004,1.4405195658540038e-07,0.006127305358658464,6.592931897642096e-08,0.002809241207551938,7.646704552888295e-08,0.0032571485882286755
614,615,5.387690638070097e-08,0.0023377648124303096,1.401128483236036e-07,0.00606628160508893,6.412647823861306e-08,0.0027812145023194956,7.437605009652515e-08,0.0032246641922086816
615,616,5.240363964986727e-08,0.0023144307166715894,1.362814556760128e-07,0.006005863427172242,6.237293639910213e-08,0.0027534668892265912,7.234223314833699e-08,0.003192503061781593
616,617,5.097065935988354e-08,0.002291329204640702,1.3255483255480982e-07,0.005946044858673005,6.066734528631379e-08,0.0027259955993663154,7.036403121274404e-08,0.003160661994091929
617,618,4.957686383644244e-08,0.0022684579644589586,1.2893011380743502e-07,0.005886819991275827,5.9008393366033474e-08,0.002698797891098892,6.84399228956245e-08,0.003129137817738825
618,619,4.822118215841442e-08,0.0022458147070987255,1.254045133292081e-07,0.005828182974041751,5.739480604671776e-08,0.0026718710497842524,6.65684299350211e-08,0.0030979273924697792
619,620,4.690257149331245e-08,0.0022233971661633767,1.2197532028856983e-07,0.005770128012866582,5.582534209902512e-08,0.00264521238752366,6.474811270473779e-08,0.003067027608883943
620,621,4.562001831853735e-08,0.002201203097662585,1.1863989946014897e-07,0.005712649369945533,5.42987952656393e-08,0.0026188192428964474,6.297757221274125e-08,0.0030364353881303097
621,622,4.4372536311954036e-08,0.0021792302797964958,1.153956850075133e-07,0.005655741363244204,5.2813991791023085e-08,0.0025926889807064424,6.125544727009213e-08,0.003006147681616389
622,623,4.3159166907003055e-08,0.002157476512736123,1.1224018436895022e-07,0.005599398365968455,5.136979039366274e-08,0.0025668189917245066,5.9580413880322425e-08,0.0029761614707128903
623,624,4.1978977405321416e-08,0.0021359396184094104,1.0917097070795023e-07,0.005543614806047037,4.996508096155594e-08,0.002541206692438208,5.7951184517790466e-08,0.002946473766467006
624,625,4.083106019958649e-08,0.0021146174402889573,1.061856851336529e-07,0.005488385165612231,4.859878324769973e-08,0.002515849524801106,5.636650629581297e-08,0.0029170816093132546
625,626,3.97145328845383e-08,0.002093507843180409,1.032820319268879e-07,0.00543370398048737,4.726984720315741e-08,0.002490744955985863,5.482516152177652e-08,0.002887982068791317
626,627,3.862853681368961e-08,0.002072608713013402,1.0045777942835343e-07,0.005379565839679579,4.597725070110137e-08,0.002465890478138222,5.332596458851313e-08,0.0028591722432630418
627,628,3.7572237432392797e-08,0.002051917956635285,9.771075670794716e-08,0.005325965384876952,4.472000034172474e-08,0.002441283608134809,5.1867763251056687e-08,0.0028306492596343324
628,629,3.6544822612505357e-08,0.0020314335016066165,9.50388510112532e-08,0.005272897309949065,4.349712959261787e-08,0.002416921887343104,5.044943657273038e-08,0.002802410273079592
629,630,3.554550265238987e-08,0.0020111532959966594,9.244000853669831e-08,0.005220356360452039,4.2307698372434643e-08,0.0023928028813813285,4.9069894092479416e-08,0.0027744524667659975
630,631,3.457350872260179e-08,0.0019910753081846533,8.99122318820389e-08,0.0051683373331404825,4.115079196842508e-08,0.0023689241798848237,4.772807521424838e-08,0.002746773051584994
631,632,3.362809442020165e-08,0.0019711975266594184,8.745357749084803e-08,0.005116835075478332,4.002552145276894e-08,0.0023452833962705755,4.6422948485336235e-08,0.0027193692658817326
632,633,3.270853266013063e-08,0.001951517959822291,8.506215465331479e-08,0.005065844485162008,3.8931021739685434e-08,0.0023218781675062583,4.515351081924024e-08,0.0026922383751902257
633,634,3.181411611929974e-08,0.001932034635791946,8.273612583931111e-08,0.005015360509639355,3.7866450891543835e-08,0.0022987061538803366,4.391878566378793e-08,0.002665377671968727
634,635,3.0944157458634436e-08,0.001912745602212107,8.047370192443282e-08,0.00496537814564002,3.68309907849973e-08,0.0022757650387759676,4.271782411136016e-08,0.002638784475339828
635,636,3.0097987546717775e-08,0.0018936489260583667,7.827314463249024e-08,0.004915892438704272,3.5823845195848136e-08,0.00225305252844471,4.15497028449785e-08,0.0026124561308310534
636,637,2.9274956570013444e-08,0.0018747426934500044,7.613276153950466e-08,0.004866898482721593,3.484424035415934e-08,0.002230566351784702,4.0413524138305235e-08,0.0025863900101193993
637,638,2.84744313683305e-08,0.0018560250094605824,7.405090729495356e-08,0.004818391419468937,3.389142275156409e-08,0.0022083042601181158,3.930841413479769e-08,0.002560583510775649
638,639,2.7695796545046392e-08,0.0018374939979349802,7.202598140132466e-08,0.004770366438153872,3.2964660029444204e-08,0.002186264026975665,3.8233523513842016e-08,0.00253503405601635
639,640,2.6938453689950848e-08,0.001819147801300769,7.005642732593742e-08,0.004722818774964388,3.206323981319592e-08,0.002164443447875919,3.7188025936440994e-08,0.002509739094451069
640,641,2.620182004697824e-08,0.0018009845803903524,6.814073061356396e-08,0.004675743712621694,3.1186468713029214e-08,0.002142840340114638,3.6171117379080187e-08,0.0024846960998389234
641,642,2.548533006851983e-08,0.0017830025142561157,6.627741866438441e-08,0.004629136579933357,3.0333673212146195e-08,0.002121452542548724,3.518201635577256e-08,0.0024599025708413325
642,643,2.4788432528843884e-08,0.0017651997999946767,6.446505929069701e-08,0.004582992751358095,2.9504197446295066e-08,0.002100277915388471,3.421996236374625e-08,0.0024353560307822653
643,644,2.4110591412274118e-08,0.0017475746525690283,6.270225905158355e-08,0.004537307646565569,2.869740353683703e-08,0.002079314339988453,3.328421566139994e-08,0.0024110540274078773
644,645,2.3451286135234284e-08,0.0017301253046302367,6.098766247575327e-08,0.0044920767300079545,2.7912671674013012e-08,0.002058559718638775,3.237405721279174e-08,0.002386994132647313
645,646,2.2810009547846732e-08,0.0017128500063487984,5.931995150643132e-08,0.004447295510490501,2.714939820180895e-08,0.0020380119743645952,3.148878685577117e-08,0.002363173942380392
646,647,2.2186268600066228e-08,0.0016957470252366713,5.7697844613180393e-08,0.004402959540747986,2.640699653388978e-08,0.002017669050719456,3.0627724467713335e-08,0.002339591076202241
647,648,2.1579583897590737e-08,0.001678814645981741,5.61200940163431e-08,0.004359064417024605,2.568489582133182e-08,0.001997528911587332,2.9790207745072905e-08,0.0023162431771929226
648,649,2.0989489035727615e-08,0.0016620511702762908,5.458548701930965e-08,0.004315605778656861,2.4982540952622756e-08,0.001977589540983149,2.8975592869517897e-08,0.002293127911690007
649,650,2.0415530488371303e-08,0.0016454549166504684,5.309284389909408e-08,0.004272579307663671,2.4299392192839164e-08,0.0019578489428554446,2.8183253897307026e-08,0.002270242969060421
650,651,1.98572664977803e-08,0.0016290242203065297,5.1641017684289636e-08,0.004229980728334026,2.363492382362331e-08,0.001938305140891633,2.741258114946632e-08,0.0022475860614767362
651,652,1.9314268628889408e-08,0.001612757432955636,5.022889115746665e-08,0.0041878058068247626,2.298862569749538e-08,0.0019189561783258258,2.666298276610135e-08,0.0022251549236960155
652,653,1.8786118993752154e-08,0.001596652922654207,4.8855379630730056e-08,0.004146050350757879,2.236000054556264e-08,0.001899800117745959,2.593388209737313e-08,0.002202947312837711
653,654,1.8272411583808434e-08,0.0015807090736444929,4.7519426615849625e-08,0.004104710208824747,2.1748565171009204e-08,0.0018808350409058316,2.5224718758209974e-08,0.0021809610081671704
654,655,1.7772751714772994e-08,0.001564924286193481,4.622000560061679e-08,0.0040637812703890885,2.1153849671939895e-08,0.0018620590485362576,2.4534947629106796e-08,0.0021591938108790343
